0 0 0 
0 1 0 
0 2 0 
0 3 0 
0 4 0 
0 5 0 
0 6 0 
0 7 0 
0 8 0 
0 9 0 
0 10 0 
0 11 0 
1 0 0 
1 1 250 
1 2 250 
1 3 250 
1 4 250 
1 5 250 
1 6 250 
1 7 250 
1 8 250 
1 9 250 
1 10 250 
1 11 250 
2 0 0 
2 1 50 
2 2 50 
2 3 50 
2 4 50 
2 5 50 
2 6 50 
2 7 50 
2 8 50 
2 9 50 
2 10 50 
2 11 50 
3 0 0 
3 1 5 
3 2 5 
3 3 5 
3 4 5 
3 5 5 
3 6 5 
3 7 5 
3 8 5 
3 9 5 
3 10 5 
3 11 5 
4 0 0 
4 1 1.0 
4 2 1.0 
4 3 1.0 
4 4 1.0 
4 5 1.0 
4 6 1.0 
4 7 1.0 
4 8 1.0 
4 9 1.0 
4 10 1.0 
4 11 1.0 
5 0 0 
5 1 0.2777777777777778 
5 2 0.2777777777777778 
5 3 0.2777777777777778 
5 4 0.2777777777777778 
5 5 0.2777777777777778 
5 6 0.2777777777777778 
5 7 0.2777777777777778 
5 8 0.2777777777777778 
5 9 0.2777777777777778 
5 10 0.2777777777777778 
5 11 0.2777777777777778 
6 0 0 
6 1 0.25 
6 2 0.25 
6 3 0.25 
6 4 0.25 
6 5 0.25 
6 6 0.25 
6 7 0.25 
6 8 0.25 
6 9 0.25 
6 10 0.25 
6 11 0.25 
7 0 0 
7 1 0.09803921568627452 
7 2 0.09803921568627452 
7 3 0.09803921568627452 
7 4 0.09803921568627452 
7 5 0.09803921568627452 
7 6 0.09803921568627452 
7 7 0.09803921568627452 
7 8 0.09803921568627452 
7 9 0.09803921568627452 
7 10 0.09803921568627452 
7 11 0.09803921568627452 
8 0 0 
8 1 0.06134969325153374 
8 2 0.06134969325153374 
8 3 0.06134969325153374 
8 4 0.06134969325153374 
8 5 0.06134969325153374 
8 6 0.06134969325153374 
8 7 0.06134969325153374 
8 8 0.06134969325153374 
8 9 0.06134969325153374 
8 10 0.06134969325153374 
8 11 0.06134969325153374 
9 0 0 
9 1 0.07246376811594203 
9 2 0.07246376811594203 
9 3 0.07246376811594203 
9 4 0.07246376811594203 
9 5 0.07246376811594203 
9 6 0.07246376811594203 
9 7 0.07246376811594203 
9 8 0.07246376811594203 
9 9 0.07246376811594203 
9 10 0.07246376811594203 
9 11 0.07246376811594203 
10 0 0 
10 1 0.05235602094240837 
10 2 0.05235602094240837 
10 3 0.05235602094240837 
10 4 0.05235602094240837 
10 5 0.05235602094240837 
10 6 0.05235602094240837 
10 7 0.05235602094240837 
10 8 0.05235602094240837 
10 9 0.05235602094240837 
10 10 0.05235602094240837 
10 11 0.05235602094240837 
11 0 0 
11 1 0.04149377593360996 
11 2 0.04149377593360996 
11 3 0.04149377593360996 
11 4 0.04149377593360996 
11 5 0.04149377593360996 
11 6 0.04149377593360996 
11 7 0.04149377593360996 
11 8 0.04149377593360996 
11 9 0.04149377593360996 
11 10 0.04149377593360996 
11 11 0.04149377593360996 
12 0 0 
12 1 0.06097560975609757 
12 2 0.06097560975609757 
12 3 0.06097560975609757 
12 4 0.06097560975609757 
12 5 0.06097560975609757 
12 6 0.06097560975609757 
12 7 0.06097560975609757 
12 8 0.06097560975609757 
12 9 0.06097560975609757 
12 10 0.06097560975609757 
12 11 0.06097560975609757 
13 0 0 
13 1 0.15384615384615385 
13 2 0.15384615384615385 
13 3 0.15384615384615385 
13 4 0.15384615384615385 
13 5 0.15384615384615385 
13 6 0.15384615384615385 
13 7 0.15384615384615385 
13 8 0.15384615384615385 
13 9 0.15384615384615385 
13 10 0.15384615384615385 
13 11 0.15384615384615385 
14 0 0 
14 1 0.4166666666666667 
14 2 0.4166666666666667 
14 3 0.4166666666666667 
14 4 0.4166666666666667 
14 5 0.4166666666666667 
14 6 0.4166666666666667 
14 7 0.4166666666666667 
14 8 0.4166666666666667 
14 9 0.4166666666666667 
14 10 0.4166666666666667 
14 11 0.4166666666666667 
15 0 0 
15 1 1.0 
15 2 1.0 
15 3 1.0 
15 4 1.0 
15 5 1.0 
15 6 1.0 
15 7 1.0 
15 8 1.0 
15 9 1.0 
15 10 1.0 
15 11 1.0 
