        0.0000  -1.070343   0.313100  -0.757243  0  0  0.39  8.04 
      500.0000  -1.137530   0.311446  -0.826084 12  0  0.39  6.47 
     1000.0000  -1.168199   0.231586  -0.936612 12  0  0.40 10.89 
     1500.0000  -1.244558   0.246693  -0.997864 14  0  0.37  4.19 
     2000.0000  -1.313525   0.309784  -1.003741 13  0  0.37  9.00 
     2500.0000  -1.236849   0.319884  -0.916965 13  0  0.37  5.48 
     3000.0000  -1.195062   0.315703  -0.879359 11  0  0.38  6.39 
     3500.0000  -1.301293   0.276506  -1.024787 14  0  0.38  4.35 
     4000.0000  -1.261119   0.283090  -0.978029  8  6  0.35  0.38 
     4500.0000  -1.246704   0.351236  -0.895468  9  4  0.38  0.36 
     5000.0000  -1.218058   0.313869  -0.904189  9  5  0.41  0.40 
     5500.0000  -1.186890   0.276131  -0.910758  9  4  0.38  0.36 
     6000.0000  -1.247479   0.302167  -0.945312  9  5  0.36  0.35 
     6500.0000  -1.182831   0.297593  -0.885238  9  6  0.40  0.40 
     7000.0000  -1.224408   0.309827  -0.914582  9  5  0.37  0.37 
     7500.0000  -1.264590   0.338080  -0.926510  9  6  0.39  0.36 
     8000.0000  -1.195253   0.304914  -0.890339  8  6  0.39  0.37 
     8500.0000  -1.124368   0.309418  -0.814950  9  4  0.40  0.40 
     9000.0000  -1.113112   0.270465  -0.842647  7  7  0.39  0.34 
     9500.0000  -1.174996   0.263844  -0.911152  8  6  0.34  0.35 
    10000.0000  -1.205721   0.332269  -0.873451  8  7  0.39  0.35 
    10500.0000  -1.232637   0.289447  -0.943190  7  7  0.39  0.39 
    11000.0000  -1.143681   0.288286  -0.855395  8  6  0.39  0.36 
    11500.0000  -1.212457   0.349443  -0.863014  7  6  0.36  0.35 
    12000.0000  -1.023581   0.306016  -0.717564  7  5  0.39  0.38 
    12500.0000  -1.160350   0.255982  -0.904368  7  5  0.38  0.40 
    13000.0000  -1.157071   0.390430  -0.766641  7  6  0.38  0.39 
    13500.0000  -1.190777   0.241305  -0.949473  8  6  0.35  0.39 
    14000.0000  -1.244458   0.296418  -0.948040  8  7  0.35  0.36 
    14500.0000  -1.107455   0.280097  -0.827358  7  5  0.40  0.36 
    15000.0000  -1.145641   0.306697  -0.838944  8  5  0.37  0.37 
    15500.0000  -1.211915   0.295015  -0.916900  8  4  0.34  0.39 
    16000.0000  -1.243161   0.255822  -0.987339 10  5  0.40  0.35 
    16500.0000  -1.220251   0.247867  -0.972384 10  4  0.37  0.40 
    17000.0000  -1.204501   0.347957  -0.856544  9  4  0.39  0.37 
    17500.0000  -1.189791   0.270209  -0.919581  9  5  0.37  0.36 
    18000.0000  -1.237964   0.324136  -0.913828 10  4  0.38  0.37 
    18500.0000  -1.178219   0.247717  -0.930502  7  5  0.37  0.40 
    19000.0000  -1.214394   0.278147  -0.936247 10  4  0.37  0.38 
    19500.0000  -1.239265   0.267543  -0.971722 10  5  0.38  0.38 
    20000.0000  -1.134413   0.268190  -0.866224  9  5  0.37  0.36 
    20500.0000  -1.257363   0.317870  -0.939493  8  5  0.38  0.38 
    21000.0000  -1.228892   0.275677  -0.953215 10  5  0.38  0.39 
    21500.0000  -1.264534   0.311699  -0.952835 10  5  0.37  0.38 
    22000.0000  -1.172026   0.331190  -0.840836 10  4  0.36  0.40 
    22500.0000  -1.062067   0.288147  -0.773920  9  4  0.39  0.38 
    23000.0000  -1.252000   0.343538  -0.908462 10  4  0.38  0.35 
    23500.0000  -1.196276   0.291324  -0.904952 10  5  0.36  0.39 
    24000.0000  -1.235392   0.337895  -0.897497 10  4  0.35  0.39 
    24500.0000  -1.193445   0.305564  -0.887881  9  5  0.37  0.35 
    25000.0000  -1.170543   0.290647  -0.879895 10  5  0.39  0.36 
    25500.0000  -1.265418   0.329153  -0.936265 10  5  0.39  0.36 
    26000.0000  -1.324910   0.257532  -1.067378 10  4  0.39  0.38 
    26500.0000  -1.280242   0.313893  -0.966349 11  3  0.37  0.37 
    27000.0000  -1.255766   0.282730  -0.973036 13  0  0.39  5.32 
    27500.0000  -1.326470   0.365637  -0.960833  9  6  0.37  0.39 
    28000.0000  -1.264509   0.278835  -0.985675  9  5  0.40  0.34 
    28500.0000  -1.240179   0.281831  -0.958348  8  4  0.36  0.39 
    29000.0000  -1.218706   0.328480  -0.890225  8  5  0.39  0.34 
    29500.0000  -1.208354   0.324119  -0.884235  8  5  0.37  0.40 
    30000.0000  -1.259424   0.312567  -0.946857  9  6  0.38  0.38 
    30500.0000  -1.223940   0.323176  -0.900764  9  6  0.39  0.39 
    31000.0000  -1.146369   0.295817  -0.850552  8  5  0.37  0.35 
    31500.0000  -1.196924   0.242812  -0.954111  8  5  0.39  0.39 
    32000.0000  -1.170862   0.269993  -0.900869  8  5  0.37  0.39 
    32500.0000  -1.262544   0.302865  -0.959679  9  5  0.39  0.36 
    33000.0000  -1.194003   0.293437  -0.900566  9  5  0.38  0.34 
    33500.0000  -1.330623   0.306437  -1.024186  9  6  0.39  0.39 
    34000.0000  -1.237849   0.316593  -0.921256  9  6  0.39  0.38 
    34500.0000  -1.229425   0.293682  -0.935744  9  4  0.37  0.38 
    35000.0000  -1.161502   0.276966  -0.884536  8  6  0.36  0.38 
    35500.0000  -1.093065   0.273760  -0.819305  8  6  0.36  0.37 
    36000.0000  -1.216800   0.316337  -0.900463  9  6  0.39  0.39 
    36500.0000  -1.245800   0.282490  -0.963310  9  6  0.39  0.38 
    37000.0000  -1.113755   0.305819  -0.807936  8  5  0.39  0.39 
    37500.0000  -1.200637   0.312972  -0.887664  8  5  0.37  0.37 
    38000.0000  -1.190908   0.314526  -0.876381  9  5  0.35  0.39 
    38500.0000  -1.255506   0.270607  -0.984899  8  6  0.40  0.39 
    39000.0000  -1.258144   0.307154  -0.950990  9  5  0.36  0.41 
    39500.0000  -1.301169   0.287359  -1.013810  9  5  0.39  0.39 
    40000.0000  -1.272494   0.296643  -0.975851  9  6  0.40  0.34 
    40500.0000  -1.155464   0.331539  -0.823925  9  6  0.40  0.35 
    41000.0000  -1.212457   0.298103  -0.914354  9  5  0.38  0.38 
    41500.0000  -1.213035   0.340670  -0.872365  8  5  0.37  0.37 
    42000.0000  -1.135462   0.328083  -0.807379  9  3  0.40  0.33 
    42500.0000  -1.216868   0.328657  -0.888210  8  5  0.37  0.37 
    43000.0000  -1.335349   0.344291  -0.991058  9  6  0.39  0.39 
    43500.0000  -1.174847   0.322658  -0.852189  9  6  0.38  0.37 
    44000.0000  -1.220220   0.310554  -0.909665  8  6  0.39  0.35 
    44500.0000  -1.215501   0.333559  -0.881943  9  4  0.37  0.40 
    45000.0000  -1.174973   0.292003  -0.882969  9  4  0.39  0.42 
    45500.0000  -1.191368   0.291981  -0.899387  9  5  0.37  0.39 
    46000.0000  -1.151440   0.280663  -0.870777  9  5  0.39  0.37 
    46500.0000  -1.123784   0.283606  -0.840178  9  6  0.39  0.34 
    47000.0000  -1.214460   0.311747  -0.902713  9  5  0.39  0.36 
    47500.0000  -1.186343   0.329089  -0.857255  9  4  0.37  0.37 
    48000.0000  -1.208093   0.277852  -0.930241  9  6  0.38  0.38 
    48500.0000  -1.202564   0.311716  -0.890848  8  6  0.37  0.38 
    49000.0000  -1.137583   0.308661  -0.828922  8  5  0.43  0.39 
    49500.0000  -1.135480   0.296547  -0.838933  7  4  0.35  0.35 
    50000.0000  -1.168895   0.320891  -0.848004  9  5  0.38  0.35 
    50500.0000  -1.205531   0.353718  -0.851813 10  4  0.37  0.37 
    51000.0000  -1.137803   0.290501  -0.847302 10  3  0.40  0.38 
    51500.0000  -1.114532   0.279301  -0.835231 10  4  0.38  0.36 
    52000.0000  -1.090157   0.313121  -0.777036  7  5  0.38  0.38 
    52500.0000  -1.117944   0.267537  -0.850407  9  5  0.37  0.37 
    53000.0000  -1.157246   0.297298  -0.859948  9  5  0.37  0.38 
    53500.0000  -1.162629   0.289683  -0.872946  9  5  0.36  0.38 
    54000.0000  -1.101091   0.316386  -0.784705  9  4  0.38  0.42 
    54500.0000  -1.190123   0.283117  -0.907006  8  5  0.38  0.36 
    55000.0000  -1.134859   0.317731  -0.817128  9  3  0.39  0.37 
    55500.0000  -1.222985   0.320403  -0.902582 10  4  0.36  0.37 
    56000.0000  -1.212353   0.358413  -0.853939  9  4  0.39  0.38 
    56500.0000  -1.217395   0.274816  -0.942579 10  5  0.40  0.38 
    57000.0000  -1.159410   0.359565  -0.799845  9  3  0.34  0.39 
    57500.0000  -1.210911   0.282903  -0.928009 10  4  0.37  0.35 
    58000.0000  -1.189616   0.291517  -0.898099  9  5  0.36  0.39 
    58500.0000  -1.228835   0.291321  -0.937514 10  4  0.38  0.37 
    59000.0000  -1.216656   0.288911  -0.927745  9  5  0.35  0.37 
    59500.0000  -1.212600   0.327885  -0.884715  9  4  0.36  0.36 
    60000.0000  -1.282660   0.314716  -0.967944 10  5  0.37  0.37 
    60500.0000  -1.152810   0.240599  -0.912211  9  3  0.37  0.39 
    61000.0000  -1.147738   0.271935  -0.875803 10  4  0.41  0.37 
    61500.0000  -1.121145   0.319455  -0.801690  9  4  0.38  0.38 
    62000.0000  -1.244726   0.255250  -0.989476 10  5  0.36  0.36 
    62500.0000  -1.181589   0.301273  -0.880316  9  5  0.38  0.41 
    63000.0000  -1.267992   0.325948  -0.942044  8  4  0.37  0.38 
    63500.0000  -1.224482   0.311723  -0.912759  9  5  0.35  0.39 
    64000.0000  -1.066539   0.275038  -0.791501 10  4  0.38  0.38 
    64500.0000  -1.184456   0.295811  -0.888645 10  5  0.37  0.37 
    65000.0000  -1.279352   0.313870  -0.965481 10  4  0.37  0.37 
    65500.0000  -1.193399   0.289064  -0.904334 10  3  0.38  0.41 
    66000.0000  -1.288172   0.295585  -0.992587 10  4  0.37  0.39 
    66500.0000  -1.271136   0.323424  -0.947712 10  4  0.35  0.37 
    67000.0000  -1.307015   0.271818  -1.035196  9  5  0.37  0.39 
    67500.0000  -1.205994   0.285488  -0.920506  9  4  0.37  0.38 
    68000.0000  -1.306540   0.363868  -0.942672  9  4  0.38  0.38 
    68500.0000  -1.263845   0.292768  -0.971077  9  4  0.39  0.38 
    69000.0000  -1.254606   0.318384  -0.936223  9  4  0.38  0.37 
    69500.0000  -1.156129   0.312199  -0.843930  9  4  0.37  0.38 
    70000.0000  -1.230832   0.237771  -0.993061  9  4  0.39  0.37 
    70500.0000  -1.234225   0.291667  -0.942558 10  4  0.39  0.36 
    71000.0000  -1.224413   0.316879  -0.907534 10  4  0.36  0.38 
    71500.0000  -1.257116   0.249635  -1.007481 10  4  0.38  0.37 
    72000.0000  -1.163217   0.299121  -0.864095 10  5  0.38  0.40 
    72500.0000  -1.075386   0.304615  -0.770772  8  5  0.37  0.37 
    73000.0000  -1.154561   0.276701  -0.877861  9  4  0.39  0.35 
    73500.0000  -1.264756   0.302675  -0.962080  9  6  0.39  0.39 
    74000.0000  -1.198774   0.298931  -0.899844  9  6  0.39  0.37 
    74500.0000  -1.228726   0.270374  -0.958352  9  5  0.36  0.38 
    75000.0000  -1.150268   0.332040  -0.818227  7  4  0.39  0.38 
    75500.0000  -1.198904   0.290858  -0.908046  9  5  0.37  0.36 
    76000.0000  -1.204263   0.284566  -0.919697  8  5  0.34  0.35 
    76500.0000  -1.275452   0.303583  -0.971870  9  6  0.37  0.35 
    77000.0000  -1.185013   0.291685  -0.893329  9  5  0.36  0.38 
    77500.0000  -1.202217   0.289106  -0.913112  9  6  0.36  0.37 
    78000.0000  -1.272638   0.308398  -0.964240  8  5  0.36  0.40 
    78500.0000  -1.249823   0.298653  -0.951170  9  6  0.38  0.36 
    79000.0000  -1.260156   0.333854  -0.926302  9  6  0.37  0.35 
    79500.0000  -1.148707   0.314922  -0.833785  9  4  0.39  0.37 
    80000.0000  -1.194705   0.332540  -0.862165  9  5  0.38  0.38 
    80500.0000  -1.151737   0.342147  -0.809589  8  5  0.34  0.38 
    81000.0000  -1.229087   0.271642  -0.957445  9  4  0.35  0.38 
    81500.0000  -1.236396   0.270333  -0.966063  9  5  0.38  0.36 
    82000.0000  -1.222913   0.330894  -0.892019  8  5  0.39  0.36 
    82500.0000  -1.211157   0.307577  -0.903579  9  5  0.39  0.38 
    83000.0000  -1.231941   0.292973  -0.938967  9  6  0.38  0.35 
    83500.0000  -1.268114   0.345107  -0.923007  9  5  0.39  0.37 
    84000.0000  -1.174608   0.251168  -0.923441  9  6  0.34  0.37 
    84500.0000  -1.177044   0.339856  -0.837188  9  5  0.36  0.35 
    85000.0000  -1.226421   0.307950  -0.918471 10  4  0.37  0.37 
    85500.0000  -1.300798   0.305388  -0.995410 10  5  0.38  0.35 
    86000.0000  -1.225965   0.309697  -0.916268 10  4  0.37  0.37 
    86500.0000  -1.132849   0.308322  -0.824528 10  5  0.38  0.40 
    87000.0000  -1.159333   0.297046  -0.862287  9  5  0.39  0.37 
    87500.0000  -1.167868   0.341773  -0.826095  9  5  0.36  0.39 
    88000.0000  -1.187397   0.292038  -0.895360  9  4  0.38  0.33 
    88500.0000  -1.243336   0.317567  -0.925769 10  5  0.34  0.39 
    89000.0000  -1.226638   0.324821  -0.901817  9  5  0.38  0.38 
    89500.0000  -1.195203   0.284339  -0.910863  9  4  0.35  0.37 
    90000.0000  -1.217440   0.308186  -0.909253  8  4  0.37  0.37 
    90500.0000  -1.144059   0.269025  -0.875034  8  5  0.41  0.37 
    91000.0000  -1.225477   0.303746  -0.921732 10  5  0.38  0.36 
    91500.0000  -1.179761   0.322028  -0.857732 10  4  0.37  0.36 
    92000.0000  -1.170254   0.314781  -0.855473  9  5  0.34  0.38 
    92500.0000  -1.187619   0.262739  -0.924879 10  5  0.40  0.39 
    93000.0000  -1.146990   0.303903  -0.843087 10  4  0.39  0.40 
    93500.0000  -1.239911   0.298982  -0.940930  9  4  0.37  0.40 
    94000.0000  -1.225634   0.254965  -0.970669  9  4  0.37  0.38 
    94500.0000  -1.195617   0.333705  -0.861912  9  4  0.36  0.39 
    95000.0000  -1.169825   0.276400  -0.893425 10  5  0.37  0.39 
    95500.0000  -1.110565   0.287850  -0.822716  9  5  0.38  0.37 
    96000.0000  -1.266680   0.313886  -0.952793  9  6  0.39  0.36 
    96500.0000  -1.197641   0.319428  -0.878213  9  5  0.39  0.37 
    97000.0000  -1.286234   0.308051  -0.978183  9  4  0.37  0.37 
    97500.0000  -1.295038   0.300609  -0.994429  8  4  0.36  0.34 
    98000.0000  -1.261027   0.317816  -0.943211  9  6  0.37  0.36 
    98500.0000  -1.271283   0.264617  -1.006666  9  6  0.37  0.37 
    99000.0000  -1.256912   0.287490  -0.969422  9  5  0.37  0.39 
    99500.0000  -1.274983   0.315301  -0.959681  9  6  0.36  0.35 
   100000.0000  -1.321032   0.309474  -1.011559  9  6  0.36  0.34 
   100500.0000  -1.245233   0.298494  -0.946739  9  5  0.38  0.35 
   101000.0000  -1.262358   0.303944  -0.958414  8  5  0.37  0.37 
   101500.0000  -1.181052   0.253139  -0.927913  9  6  0.38  0.37 
   102000.0000  -1.227195   0.282551  -0.944644  9  5  0.39  0.39 
   102500.0000  -1.255938   0.306427  -0.949511  9  6  0.39  0.39 
   103000.0000  -1.181007   0.307593  -0.873414  9  5  0.37  0.37 
   103500.0000  -1.176523   0.312137  -0.864386  8  6  0.39  0.36 
   104000.0000  -1.222875   0.363276  -0.859599  8  5  0.37  0.37 
   104500.0000  -1.255377   0.277387  -0.977991  8  6  0.39  0.38 
   105000.0000  -1.266582   0.284689  -0.981893  9  6  0.35  0.37 
   105500.0000  -1.209899   0.295185  -0.914715  8  6  0.38  0.36 
   106000.0000  -1.155236   0.249339  -0.905897  8  5  0.39  0.35 
   106500.0000  -1.280653   0.277739  -1.002915  9  6  0.38  0.38 
   107000.0000  -1.293042   0.326870  -0.966171  9  5  0.36  0.38 
   107500.0000  -1.183453   0.315991  -0.867462  8  6  0.39  0.39 
   108000.0000  -1.240655   0.341696  -0.898959  8  6  0.38  0.39 
   108500.0000  -1.160963   0.271740  -0.889223  8  4  0.37  0.36 
   109000.0000  -1.161179   0.300221  -0.860957  8  7  0.35  0.37 
   109500.0000  -1.156920   0.299805  -0.857115  7  6  0.37  0.38 
   110000.0000  -1.065546   0.322713  -0.742833  7  4  0.36  0.39 
   110500.0000  -1.190316   0.321904  -0.868412  8  5  0.39  0.36 
   111000.0000  -1.173261   0.296688  -0.876573  8  5  0.38  0.37 
   111500.0000  -1.257230   0.302230  -0.955000  9  5  0.38  0.36 
   112000.0000  -1.151910   0.282411  -0.869498  8  4  0.36  0.39 
   112500.0000  -1.192027   0.289258  -0.902769  9  3  0.38  0.34 
   113000.0000  -1.155986   0.332774  -0.823212  9  6  0.41  0.40 
   113500.0000  -1.246310   0.293028  -0.953283  9  5  0.36  0.36 
   114000.0000  -1.251040   0.248259  -1.002782  8  6  0.38  0.38 
   114500.0000  -1.274943   0.295435  -0.979508  8  5  0.36  0.39 
   115000.0000  -1.201248   0.263004  -0.938244  9  6  0.38  0.38 
   115500.0000  -1.201347   0.283535  -0.917812  9  5  0.35  0.40 
   116000.0000  -1.176168   0.264965  -0.911204  9  6  0.39  0.35 
   116500.0000  -1.197243   0.314153  -0.883090  9  5  0.38  0.41 
   117000.0000  -1.227991   0.264941  -0.963050  9  4  0.40  0.36 
   117500.0000  -1.186836   0.284501  -0.902335  9  3  0.38  0.38 
   118000.0000  -1.256911   0.289331  -0.967580 10  5  0.38  0.39 
   118500.0000  -1.300575   0.316355  -0.984220 10  5  0.39  0.40 
   119000.0000  -1.274964   0.314482  -0.960483 10  5  0.36  0.39 
   119500.0000  -1.321736   0.303806  -1.017930 10  4  0.38  0.34 
   120000.0000  -1.201442   0.297019  -0.904423  9  4  0.36  0.37 
   120500.0000  -1.264770   0.292059  -0.972711 10  5  0.38  0.39 
   121000.0000  -1.259319   0.289418  -0.969901  9  5  0.38  0.37 
   121500.0000  -1.219041   0.257221  -0.961821 10  3  0.38  0.38 
   122000.0000  -1.186477   0.257157  -0.929320  9  5  0.40  0.37 
   122500.0000  -1.181396   0.337574  -0.843823 10  5  0.38  0.37 
   123000.0000  -1.227565   0.261620  -0.965945 10  4  0.36  0.35 
   123500.0000  -1.132808   0.271386  -0.861421  9  5  0.36  0.39 
   124000.0000  -1.183376   0.337020  -0.846355 10  5  0.39  0.37 
   124500.0000  -1.166881   0.259279  -0.907602 10  4  0.38  0.38 
   125000.0000  -1.175195   0.270237  -0.904958  9  4  0.34  0.35 
   125500.0000  -1.195812   0.309882  -0.885930  9  5  0.39  0.37 
   126000.0000  -1.194206   0.283662  -0.910544  9  4  0.34  0.33 
   126500.0000  -1.126301   0.317529  -0.808771  9  5  0.37  0.35 
   127000.0000  -1.219541   0.294371  -0.925170  9  5  0.40  0.38 
   127500.0000  -1.210437   0.280069  -0.930369 10  5  0.37  0.38 
   128000.0000  -1.153503   0.264076  -0.889427 10  4  0.35  0.38 
   128500.0000  -1.189869   0.293424  -0.896445  9  5  0.39  0.34 
   129000.0000  -1.210771   0.239310  -0.971461  8  6  0.34  0.38 
   129500.0000  -1.154202   0.289141  -0.865062  9  6  0.36  0.38 
   130000.0000  -1.218478   0.346512  -0.871966  9  5  0.39  0.37 
   130500.0000  -1.212153   0.242686  -0.969467  9  4  0.37  0.35 
   131000.0000  -1.229352   0.285803  -0.943549  9  5  0.37  0.35 
   131500.0000  -1.212795   0.300839  -0.911956  8  6  0.38  0.38 
   132000.0000  -1.214157   0.297374  -0.916783  8  6  0.37  0.38 
   132500.0000  -1.189456   0.247259  -0.942197  8  5  0.39  0.39 
   133000.0000  -1.263323   0.283794  -0.979529  9  5  0.37  0.38 
   133500.0000  -1.199426   0.313613  -0.885814  8  6  0.37  0.38 
   134000.0000  -1.204520   0.355129  -0.849391  9  5  0.41  0.41 
   134500.0000  -1.251268   0.275318  -0.975949  8  7  0.38  0.37 
   135000.0000  -1.192866   0.255725  -0.937141  7  7  0.39  0.35 
   135500.0000  -1.193580   0.266415  -0.927165  7  6  0.37  0.36 
   136000.0000  -1.156528   0.305213  -0.851315  7  6  0.39  0.34 
   136500.0000  -1.064365   0.270397  -0.793967  6  5  0.41  0.39 
   137000.0000  -1.141652   0.298807  -0.842845  7  6  0.38  0.36 
   137500.0000  -1.194821   0.313843  -0.880978  8  5  0.36  0.39 
   138000.0000  -1.139090   0.281437  -0.857653  8  5  0.37  0.38 
   138500.0000  -1.132489   0.254863  -0.877626  8  2  0.37  0.41 
   139000.0000  -1.221778   0.286660  -0.935118  8  6  0.39  0.37 
   139500.0000  -1.218084   0.310758  -0.907326  8  7  0.39  0.37 
   140000.0000  -1.249180   0.330450  -0.918730  8  7  0.37  0.37 
   140500.0000  -1.203585   0.322893  -0.880692  7  6  0.34  0.37 
   141000.0000  -1.200173   0.299125  -0.901048  9  2  0.37  0.38 
   141500.0000  -1.206118   0.307907  -0.898210  8  6  0.39  0.36 
   142000.0000  -1.178273   0.265628  -0.912645  8  4  0.36  0.38 
   142500.0000  -1.196455   0.275509  -0.920946  8  6  0.37  0.35 
   143000.0000  -1.210192   0.347384  -0.862809  9  5  0.37  0.38 
   143500.0000  -1.236541   0.355493  -0.881048  9  6  0.40  0.34 
   144000.0000  -1.195614   0.298497  -0.897116  8  5  0.38  0.35 
   144500.0000  -1.317808   0.306100  -1.011708  9  6  0.38  0.35 
   145000.0000  -1.241841   0.350367  -0.891474  8  6  0.36  0.33 
   145500.0000  -1.200788   0.290113  -0.910676  9  5  0.36  0.42 
   146000.0000  -1.193085   0.248345  -0.944740 10  4  0.38  0.35 
   146500.0000  -1.119985   0.369188  -0.750797  9  4  0.39  0.38 
   147000.0000  -1.078540   0.289105  -0.789435 10  3  0.43  0.39 
   147500.0000  -1.195823   0.278088  -0.917735 10  4  0.35  0.38 
   148000.0000  -1.158693   0.315674  -0.843019  7  4  0.38  0.34 
   148500.0000  -1.235340   0.249426  -0.985914 10  4  0.38  0.38 
   149000.0000  -1.216724   0.330246  -0.886479  9  4  0.39  0.35 
   149500.0000  -1.119591   0.329361  -0.790231  9  4  0.38  0.38 
   150000.0000  -1.207393   0.303018  -0.904374  9  5  0.39  0.38 
   150500.0000  -1.201904   0.353383  -0.848521  9  6  0.41  0.37 
   151000.0000  -1.217306   0.321347  -0.895959  9  5  0.36  0.39 
   151500.0000  -1.225741   0.282455  -0.943286  8  6  0.36  0.36 
   152000.0000  -1.174456   0.307848  -0.866608  9  6  0.36  0.39 
   152500.0000  -1.179565   0.312318  -0.867247  8  6  0.37  0.35 
   153000.0000  -1.230481   0.278620  -0.951861  9  5  0.38  0.38 
   153500.0000  -1.213690   0.261486  -0.952204  9  5  0.42  0.36 
   154000.0000  -1.253610   0.288609  -0.965001  9  6  0.38  0.40 
   154500.0000  -1.264688   0.338580  -0.926108  9  6  0.38  0.35 
   155000.0000  -1.140180   0.239517  -0.900663  9  5  0.38  0.38 
   155500.0000  -1.189215   0.287449  -0.901766  8  6  0.41  0.37 
   156000.0000  -1.162927   0.277301  -0.885626  8  5  0.36  0.41 
   156500.0000  -1.245366   0.328733  -0.916634  8  6  0.39  0.40 
   157000.0000  -1.233947   0.329644  -0.904303  8  6  0.39  0.36 
   157500.0000  -1.122326   0.327791  -0.794535  8  7  0.37  0.35 
   158000.0000  -1.215731   0.272671  -0.943061  8  6  0.40  0.35 
   158500.0000  -1.198774   0.295262  -0.903512  9  6  0.35  0.36 
   159000.0000  -1.223184   0.325452  -0.897731  8  6  0.38  0.36 
   159500.0000  -1.235442   0.317622  -0.917820  9  6  0.42  0.38 
   160000.0000  -1.143493   0.258285  -0.885208  8  5  0.39  0.39 
   160500.0000  -1.187403   0.258771  -0.928632  9  5  0.39  0.33 
   161000.0000  -1.273473   0.311779  -0.961695  9  6  0.38  0.39 
   161500.0000  -1.250607   0.269464  -0.981143  9  6  0.36  0.38 
   162000.0000  -1.288961   0.317190  -0.971770  9  6  0.40  0.37 
   162500.0000  -1.317825   0.274761  -1.043064  9  6  0.39  0.36 
   163000.0000  -1.128396   0.254652  -0.873744  7  6  0.38  0.36 
   163500.0000  -1.153444   0.311343  -0.842101  8  5  0.36  0.39 
   164000.0000  -1.141731   0.285510  -0.856221  9  4  0.41  0.37 
   164500.0000  -1.258576   0.301499  -0.957077  9  5  0.37  0.34 
   165000.0000  -1.248671   0.251429  -0.997242  8  6  0.39  0.37 
   165500.0000  -1.160513   0.284190  -0.876324  8  6  0.37  0.38 
   166000.0000  -1.231461   0.293926  -0.937535  8  4  0.39  0.37 
   166500.0000  -1.225120   0.278410  -0.946710  9  5  0.39  0.38 
   167000.0000  -1.254887   0.309847  -0.945040  9  6  0.36  0.35 
   167500.0000  -1.200138   0.299710  -0.900428  9  6  0.37  0.39 
   168000.0000  -1.267600   0.264228  -1.003372  8  6  0.37  0.41 
   168500.0000  -1.252072   0.280911  -0.971161  9  5  0.41  0.37 
   169000.0000  -1.182438   0.326273  -0.856165  9  4  0.39  0.35 
   169500.0000  -1.171358   0.298054  -0.873303  8  5  0.38  0.39 
   170000.0000  -1.301900   0.251388  -1.050512  8  6  0.39  0.34 
   170500.0000  -1.149113   0.295087  -0.854026  8  5  0.37  0.34 
   171000.0000  -1.189323   0.339278  -0.850046  8  5  0.37  0.38 
   171500.0000  -1.119162   0.287970  -0.831192  9  5  0.38  0.38 
   172000.0000  -1.266266   0.280222  -0.986043  9  6  0.36  0.39 
   172500.0000  -1.300969   0.260061  -1.040908 10  5  0.37  0.36 
   173000.0000  -1.197195   0.282821  -0.914374 10  3  0.37  0.37 
   173500.0000  -1.190040   0.309938  -0.880102 10  3  0.41  0.36 
   174000.0000  -1.204587   0.286213  -0.918374 10  4  0.39  0.36 
   174500.0000  -1.258745   0.320626  -0.938119 10  5  0.38  0.35 
   175000.0000  -1.208466   0.308721  -0.899745 10  5  0.39  0.37 
   175500.0000  -1.197841   0.282546  -0.915295 10  5  0.40  0.40 
   176000.0000  -1.242825   0.322477  -0.920348 10  4  0.37  0.37 
   176500.0000  -1.242264   0.304457  -0.937807 10  5  0.35  0.37 
   177000.0000  -1.132075   0.254084  -0.877991  9  4  0.37  0.39 
   177500.0000  -1.187680   0.284156  -0.903524  9  4  0.38  0.37 
   178000.0000  -1.209480   0.322517  -0.886963  9  5  0.40  0.39 
   178500.0000  -1.237126   0.285471  -0.951655  9  4  0.39  0.36 
   179000.0000  -1.270521   0.299618  -0.970903 10  5  0.36  0.36 
   179500.0000  -1.275497   0.268986  -1.006511  9  5  0.39  0.37 
   180000.0000  -1.351774   0.308623  -1.043151 10  5  0.37  0.37 
   180500.0000  -1.311554   0.317383  -0.994171 10  5  0.38  0.39 
   181000.0000  -1.251729   0.264013  -0.987715  9  5  0.37  0.40 
   181500.0000  -1.258282   0.316125  -0.942157 10  4  0.37  0.37 
   182000.0000  -1.193383   0.222029  -0.971355  8  4  0.38  0.40 
   182500.0000  -1.225431   0.289429  -0.936001  8  4  0.36  0.41 
   183000.0000  -1.229479   0.318041  -0.911437  9  5  0.39  0.40 
   183500.0000  -1.223652   0.257224  -0.966428  9  3  0.38  0.37 
   184000.0000  -1.228126   0.250324  -0.977803 10  4  0.37  0.38 
   184500.0000  -1.216264   0.299516  -0.916748 11  3  0.39  0.40 
   185000.0000  -1.128789   0.262703  -0.866086 11  4  0.39  0.41 
   185500.0000  -1.255554   0.291378  -0.964175 11  3  0.39  0.40 
   186000.0000  -1.297301   0.272549  -1.024752 11  4  0.39  0.39 
   186500.0000  -1.272217   0.303839  -0.968378 11  4  0.37  0.36 
   187000.0000  -1.221252   0.304564  -0.916687 11  3  0.36  0.35 
   187500.0000  -1.301750   0.316036  -0.985714 11  4  0.39  0.35 
   188000.0000  -1.213372   0.314759  -0.898613 11  3  0.39  0.36 
   188500.0000  -1.183229   0.294727  -0.888502 10  4  0.40  0.37 
   189000.0000  -1.146216   0.287736  -0.858480  8  3  0.44  0.40 
   189500.0000  -1.070107   0.288282  -0.781825 10  0  0.38  0.54 
   190000.0000  -1.206680   0.338363  -0.868317 11  0  0.37  0.86 
   190500.0000  -1.218608   0.266634  -0.951974 13  0  0.35  3.80 
   191000.0000  -1.152457   0.263501  -0.888956  8  6  0.40  0.36 
   191500.0000  -1.186063   0.310740  -0.875323  8  5  0.41  0.37 
   192000.0000  -1.226725   0.212346  -1.014379  8  6  0.37  0.36 
   192500.0000  -1.186869   0.305602  -0.881268  8  5  0.35  0.39 
   193000.0000  -1.206964   0.248887  -0.958077  7  6  0.39  0.36 
   193500.0000  -1.239336   0.283536  -0.955800  7  6  0.37  0.37 
   194000.0000  -1.219444   0.300691  -0.918754  8  6  0.38  0.38 
   194500.0000  -1.224689   0.284577  -0.940112  7  7  0.39  0.38 
   195000.0000  -1.214753   0.367488  -0.847265  7  5  0.36  0.38 
   195500.0000  -1.201311   0.287764  -0.913547  6  5  0.36  0.37 
   196000.0000  -1.284800   0.295994  -0.988806  8  7  0.38  0.39 
   196500.0000  -1.109188   0.332089  -0.777099  7  6  0.37  0.38 
   197000.0000  -1.196401   0.324476  -0.871924  7  6  0.39  0.37 
   197500.0000  -1.238036   0.298566  -0.939471  8  6  0.38  0.35 
   198000.0000  -1.294527   0.311284  -0.983243  8  7  0.39  0.40 
   198500.0000  -1.205718   0.270337  -0.935381  8  7  0.41  0.36 
   199000.0000  -1.156241   0.266483  -0.889758  8  7  0.37  0.35 
   199500.0000  -1.159858   0.296258  -0.863600  8  7  0.35  0.36 
   200000.0000  -1.169907   0.283126  -0.886781  7  6  0.37  0.37 
   200500.0000  -1.167850   0.329741  -0.838109  7  6  0.36  0.37 
   201000.0000  -1.207503   0.286878  -0.920625  5  9  0.36  0.37 
   201500.0000  -1.238448   0.289904  -0.948545  6  8  0.36  0.34 
   202000.0000  -1.167086   0.266365  -0.900722  6  7  0.38  0.39 
   202500.0000  -1.264099   0.300741  -0.963357  7  8  0.38  0.39 
   203000.0000  -1.203875   0.316005  -0.887870  7  8  0.38  0.38 
   203500.0000  -1.255237   0.259620  -0.995617  7  8  0.39  0.37 
   204000.0000  -1.159242   0.262394  -0.896849  5  8  0.39  0.36 
   204500.0000  -1.193151   0.315941  -0.877210  7  8  0.39  0.37 
   205000.0000  -1.193255   0.308753  -0.884502  6  7  0.36  0.37 
   205500.0000  -1.304605   0.264020  -1.040585  7  7  0.38  0.35 
   206000.0000  -1.255977   0.320471  -0.935506  7  8  0.40  0.37 
   206500.0000  -1.214691   0.321622  -0.893068  7  8  0.38  0.37 
   207000.0000  -1.184765   0.290878  -0.893887  6  8  0.36  0.36 
   207500.0000  -1.200133   0.336331  -0.863802  7  7  0.39  0.37 
   208000.0000  -1.193439   0.327339  -0.866100  7  8  0.39  0.38 
   208500.0000  -1.174255   0.253848  -0.920407  7  8  0.39  0.35 
   209000.0000  -1.171586   0.307770  -0.863816  6  7  0.38  0.36 
   209500.0000  -1.116837   0.288337  -0.828500  7  7  0.39  0.38 
   210000.0000  -1.120666   0.290718  -0.829948  6  8  0.36  0.37 
   210500.0000  -1.223986   0.280178  -0.943808  7  8  0.35  0.39 
   211000.0000  -1.148350   0.325959  -0.822391  7  7  0.38  0.36 
   211500.0000  -1.077354   0.261925  -0.815429  6  8  0.39  0.36 
   212000.0000  -1.187281   0.260763  -0.926518  7  8  0.41  0.39 
   212500.0000  -1.207446   0.349546  -0.857900  7  8  0.37  0.36 
   213000.0000  -1.200150   0.310119  -0.890031  6  8  0.38  0.38 
   213500.0000  -1.221635   0.300065  -0.921570  7  8  0.35  0.35 
   214000.0000  -1.131521   0.304886  -0.826635  6  8  0.42  0.36 
   214500.0000  -1.084949   0.264849  -0.820100  7  6  0.38  0.35 
   215000.0000  -1.103313   0.278443  -0.824870  6  8  0.39  0.39 
   215500.0000  -1.294830   0.298157  -0.996673  7  8  0.37  0.39 
   216000.0000  -1.295692   0.351380  -0.944313  7  8  0.37  0.37 
   216500.0000  -1.188590   0.275276  -0.913314  6  8  0.36  0.36 
   217000.0000  -1.062720   0.283318  -0.779402  6  8  0.37  0.38 
   217500.0000  -1.182900   0.321502  -0.861398  7  7  0.40  0.39 
   218000.0000  -1.197871   0.274946  -0.922925  7  7  0.35  0.40 
   218500.0000  -1.199231   0.322495  -0.876737  7  8  0.39  0.35 
   219000.0000  -1.158244   0.284444  -0.873800  6  6  0.40  0.37 
   219500.0000  -1.068185   0.336932  -0.731253  6  8  0.36  0.33 
   220000.0000  -1.258796   0.292486  -0.966310  7  8  0.38  0.37 
   220500.0000  -1.230793   0.291343  -0.939450  7  7  0.37  0.34 
   221000.0000  -1.182267   0.288967  -0.893300  7  7  0.40  0.38 
   221500.0000  -1.289546   0.319812  -0.969734  7  7  0.36  0.35 
   222000.0000  -1.183054   0.283217  -0.899837  7  8  0.35  0.38 
   222500.0000  -1.117207   0.299138  -0.818068  7  8  0.36  0.36 
   223000.0000  -1.253734   0.265262  -0.988472  7  8  0.37  0.37 
   223500.0000  -1.247575   0.247484  -1.000091  7  8  0.36  0.36 
   224000.0000  -1.206097   0.275107  -0.930990  7  7  0.34  0.38 
   224500.0000  -1.214360   0.296102  -0.918258  7  8  0.36  0.35 
   225000.0000  -1.243940   0.318209  -0.925731  7  8  0.39  0.38 
   225500.0000  -1.184883   0.325089  -0.859794  7  7  0.37  0.36 
   226000.0000  -1.206819   0.272706  -0.934113  6  8  0.37  0.35 
   226500.0000  -1.255857   0.286408  -0.969449  7  8  0.35  0.36 
   227000.0000  -1.275782   0.258074  -1.017708  7  6  0.37  0.33 
   227500.0000  -1.223659   0.273083  -0.950576  7  8  0.37  0.39 
   228000.0000  -1.264491   0.356007  -0.908484  7  7  0.38  0.35 
   228500.0000  -1.214730   0.289206  -0.925524  7  8  0.40  0.36 
   229000.0000  -1.167481   0.303837  -0.863644  5  8  0.37  0.36 
   229500.0000  -1.214153   0.339560  -0.874593  7  7  0.39  0.36 
   230000.0000  -1.193840   0.331016  -0.862824  7  8  0.37  0.39 
   230500.0000  -1.206348   0.307429  -0.898918  7  7  0.37  0.35 
   231000.0000  -1.211965   0.277258  -0.934706  7  7  0.39  0.36 
   231500.0000  -1.226781   0.320869  -0.905913  7  8  0.37  0.38 
   232000.0000  -1.262107   0.300356  -0.961750  7  4  0.38  0.39 
   232500.0000  -1.217235   0.331004  -0.886231  7  7  0.36  0.36 
   233000.0000  -1.179031   0.257793  -0.921238  7  8  0.38  0.37 
   233500.0000  -1.200459   0.265684  -0.934775  7  7  0.37  0.36 
   234000.0000  -1.189702   0.277711  -0.911991  7  7  0.39  0.38 
   234500.0000  -1.243264   0.301649  -0.941615  7  8  0.34  0.34 
   235000.0000  -1.232921   0.291021  -0.941900  7  7  0.37  0.37 
   235500.0000  -1.179302   0.287279  -0.892022  6  8  0.38  0.38 
   236000.0000  -1.262614   0.283280  -0.979335  7  7  0.36  0.36 
   236500.0000  -1.165007   0.264971  -0.900036  6  8  0.37  0.36 
   237000.0000  -1.206334   0.275552  -0.930782  7  7  0.35  0.35 
   237500.0000  -1.161686   0.284272  -0.877414  5  7  0.34  0.38 
   238000.0000  -1.247725   0.331323  -0.916402  7  8  0.37  0.36 
   238500.0000  -1.164275   0.337359  -0.826917  7  7  0.38  0.38 
   239000.0000  -0.997651   0.361557  -0.636094  6  7  0.38  0.38 
   239500.0000  -1.087947   0.273570  -0.814377  6  8  0.38  0.38 
   240000.0000  -1.105226   0.300696  -0.804530  6  8  0.39  0.37 
   240500.0000  -1.113667   0.317150  -0.796517  6  8  0.36  0.37 
   241000.0000  -1.165521   0.330252  -0.835269  6  6  0.34  0.39 
   241500.0000  -1.227164   0.311281  -0.915883  6  8  0.36  0.36 
   242000.0000  -1.149976   0.368971  -0.781005  6  7  0.38  0.38 
   242500.0000  -1.223278   0.246514  -0.976765  6  8  0.34  0.40 
   243000.0000  -1.235826   0.284212  -0.951614  7  7  0.38  0.37 
   243500.0000  -1.147268   0.356976  -0.790292  7  6  0.35  0.36 
   244000.0000  -1.183885   0.291058  -0.892827  7  6  0.37  0.35 
   244500.0000  -1.183642   0.323212  -0.860429  7  7  0.38  0.37 
   245000.0000  -1.217744   0.291529  -0.926214  6  8  0.38  0.37 
   245500.0000  -1.182836   0.251229  -0.931607  7  7  0.36  0.36 
   246000.0000  -1.256731   0.299938  -0.956793  7  8  0.38  0.36 
   246500.0000  -1.128134   0.314219  -0.813915  7  6  0.39  0.37 
   247000.0000  -1.154713   0.345585  -0.809128  5  8  0.39  0.36 
   247500.0000  -1.220622   0.292761  -0.927861  5 10  0.38  0.37 
   248000.0000  -1.224253   0.305936  -0.918317  5  9  0.36  0.37 
   248500.0000  -1.229323   0.316007  -0.913316  5 10  0.37  0.35 
   249000.0000  -1.208302   0.349646  -0.858657  4 10  0.36  0.41 
   249500.0000  -1.304130   0.280027  -1.024103  5 10  0.40  0.37 
   250000.0000  -1.241639   0.326772  -0.914867  5 10  0.38  0.37 
   250500.0000  -1.238467   0.259684  -0.978783  5 10  0.38  0.36 
   251000.0000  -1.236493   0.311386  -0.925106  5 10  0.39  0.36 
   251500.0000  -1.177253   0.275104  -0.902149  3  8  0.42  0.36 
   252000.0000  -1.235754   0.272602  -0.963152  6  7  0.38  0.39 
   252500.0000  -1.196030   0.282041  -0.913988  4 11  0.38  0.37 
   253000.0000  -1.259074   0.316160  -0.942914  4 11  0.37  0.33 
   253500.0000  -1.286918   0.301797  -0.985121  4 11  0.38  0.36 
   254000.0000  -1.247155   0.265650  -0.981505  4 10  0.38  0.37 
   254500.0000  -1.148165   0.285275  -0.862890  4 11  0.35  0.36 
   255000.0000  -1.221128   0.297722  -0.923406  4 11  0.35  0.37 
   255500.0000  -1.163104   0.292157  -0.870948  4  9  0.37  0.36 
   256000.0000  -1.286579   0.298473  -0.988106  4 10  0.38  0.38 
   256500.0000  -1.245848   0.295967  -0.949881  5 10  0.38  0.38 
   257000.0000  -1.271133   0.276696  -0.994437  5  9  0.38  0.38 
   257500.0000  -1.102813   0.271220  -0.831593  4  8  0.34  0.36 
   258000.0000  -1.036363   0.312028  -0.724335  4  8  0.41  0.36 
   258500.0000  -1.136688   0.281804  -0.854883  4  9  0.39  0.38 
   259000.0000  -1.254132   0.259540  -0.994592  5 10  0.37  0.34 
   259500.0000  -1.221907   0.285151  -0.936756  5  9  0.39  0.38 
   260000.0000  -1.223962   0.312376  -0.911586  4  9  0.37  0.36 
   260500.0000  -1.241077   0.269619  -0.971458  4  9  0.38  0.36 
   261000.0000  -1.221408   0.294500  -0.926908  4 10  0.38  0.37 
   261500.0000  -1.334937   0.336755  -0.998182  5 10  0.39  0.35 
   262000.0000  -1.256206   0.294408  -0.961798  5  9  0.43  0.37 
   262500.0000  -1.152797   0.335603  -0.817195  3  9  0.37  0.37 
   263000.0000  -1.285435   0.315147  -0.970288  4 11  0.39  0.36 
   263500.0000  -1.264692   0.293111  -0.971580  3 10  0.39  0.36 
   264000.0000  -1.201699   0.281699  -0.920000  5  9  0.38  0.36 
   264500.0000  -1.342053   0.366600  -0.975453  5 10  0.38  0.38 
   265000.0000  -1.210635   0.345911  -0.864725  5  8  0.39  0.37 
   265500.0000  -1.168614   0.330780  -0.837834  4 10  0.38  0.35 
   266000.0000  -1.183202   0.326972  -0.856229  5  9  0.37  0.38 
   266500.0000  -1.161419   0.329673  -0.831746  5  9  0.37  0.39 
   267000.0000  -1.225261   0.267724  -0.957536  5 10  0.40  0.37 
   267500.0000  -1.269237   0.310581  -0.958657  5 10  0.40  0.37 
   268000.0000  -1.249627   0.322772  -0.926855  5 10  0.39  0.35 
   268500.0000  -1.155021   0.265492  -0.889529  4  9  0.39  0.38 
   269000.0000  -1.185032   0.304456  -0.880576  4 10  0.40  0.37 
   269500.0000  -1.264314   0.266688  -0.997626  5  9  0.39  0.37 
   270000.0000  -1.249018   0.322137  -0.926881  5 10  0.40  0.34 
   270500.0000  -1.258911   0.281175  -0.977736  5 10  0.37  0.36 
   271000.0000  -1.136555   0.292659  -0.843896  4 10  0.39  0.35 
   271500.0000  -1.203553   0.308915  -0.894638  5 10  0.39  0.37 
   272000.0000  -1.240281   0.287497  -0.952784  5  9  0.35  0.36 
   272500.0000  -1.187542   0.368161  -0.819381  4  9  0.36  0.37 
   273000.0000  -1.234420   0.340894  -0.893526  4 10  0.37  0.36 
   273500.0000  -1.157256   0.280856  -0.876400  5  9  0.38  0.38 
   274000.0000  -1.178711   0.308304  -0.870407  5 10  0.37  0.35 
   274500.0000  -1.224903   0.303656  -0.921247  5 10  0.36  0.37 
   275000.0000  -1.217037   0.309381  -0.907656  4  9  0.34  0.36 
   275500.0000  -1.199307   0.274695  -0.924612  5  9  0.38  0.39 
   276000.0000  -1.193030   0.300453  -0.892578  4 10  0.38  0.37 
   276500.0000  -1.203022   0.310173  -0.892849  5 10  0.38  0.38 
   277000.0000  -1.250536   0.334129  -0.916406  4 10  0.38  0.36 
   277500.0000  -1.269160   0.317856  -0.951304  5 10  0.38  0.38 
   278000.0000  -1.226383   0.321526  -0.904857  5 10  0.40  0.36 
   278500.0000  -1.224464   0.263425  -0.961039  5  9  0.37  0.37 
   279000.0000  -1.175738   0.311841  -0.863898  4 10  0.36  0.37 
   279500.0000  -1.195609   0.270450  -0.925159  3 10  0.38  0.38 
   280000.0000  -1.289405   0.302439  -0.986966  3 10  0.38  0.37 
   280500.0000  -1.241000   0.290837  -0.950163  3 11  0.37  0.37 
   281000.0000  -1.273592   0.313891  -0.959701  3 11  0.37  0.38 
   281500.0000  -1.220573   0.272766  -0.947808  3 10  0.37  0.35 
   282000.0000  -1.142320   0.274833  -0.867488  4  9  0.37  0.37 
   282500.0000  -1.188407   0.312708  -0.875699  3 10  0.38  0.37 
   283000.0000  -1.186123   0.293491  -0.892632  3 10  0.39  0.34 
   283500.0000  -1.200523   0.287765  -0.912757  2 11  0.37  0.40 
   284000.0000  -1.211483   0.289853  -0.921630  1 11  0.41  0.35 
   284500.0000  -1.256475   0.330670  -0.925805  7  8  0.37  0.35 
   285000.0000  -1.248123   0.313772  -0.934351  7  7  0.37  0.36 
   285500.0000  -1.135989   0.270654  -0.865336  6  7  0.39  0.39 
   286000.0000  -1.186272   0.289423  -0.896848  6  8  0.35  0.38 
   286500.0000  -1.092329   0.347326  -0.745004  7  7  0.39  0.37 
   287000.0000  -0.967532   0.307803  -0.659729  5  8  0.38  0.35 
   287500.0000  -1.108833   0.290975  -0.817858  5  7  0.34  0.37 
   288000.0000  -1.192684   0.259474  -0.933210  5  9  0.38  0.38 
   288500.0000  -1.215391   0.272378  -0.943013  5  9  0.37  0.38 
   289000.0000  -1.239751   0.285020  -0.954732  5  8  0.42  0.35 
   289500.0000  -1.141344   0.283445  -0.857899  5  9  0.40  0.35 
   290000.0000  -1.087095   0.280338  -0.806757  6  7  0.41  0.36 
   290500.0000  -1.203177   0.281771  -0.921406  6  8  0.35  0.37 
   291000.0000  -1.106432   0.300397  -0.806035  5  8  0.39  0.37 
   291500.0000  -1.119384   0.314492  -0.804892  5  9  0.37  0.37 
   292000.0000  -1.216087   0.298595  -0.917492  6  9  0.38  0.36 
   292500.0000  -1.179397   0.273784  -0.905613  6  8  0.38  0.38 
   293000.0000  -1.261419   0.290571  -0.970848  6  9  0.37  0.36 
   293500.0000  -1.207902   0.268709  -0.939193  5  8  0.37  0.36 
   294000.0000  -1.188190   0.264623  -0.923566  5  9  0.38  0.37 
   294500.0000  -1.281413   0.277862  -1.003551  6  9  0.38  0.36 
   295000.0000  -1.310678   0.301279  -1.009399  6  8  0.39  0.34 
   295500.0000  -1.332563   0.324680  -1.007883  6  9  0.38  0.38 
   296000.0000  -1.198099   0.265828  -0.932271  6  8  0.39  0.40 
   296500.0000  -1.240003   0.261836  -0.978167  5  8  0.40  0.38 
   297000.0000  -1.209702   0.304121  -0.905582  6  9  0.36  0.37 
   297500.0000  -1.188837   0.299662  -0.889175  6  8  0.37  0.37 
   298000.0000  -1.184522   0.307136  -0.877386  6  8  0.37  0.37 
   298500.0000  -1.199324   0.309769  -0.889555  6  9  0.36  0.33 
   299000.0000  -1.229691   0.305463  -0.924228  6  9  0.37  0.34 
   299500.0000  -1.166376   0.292790  -0.873586  5  9  0.40  0.37 
   300000.0000  -1.194618   0.291205  -0.903413  5  9  0.37  0.37 
   300500.0000  -1.153315   0.385277  -0.768038  6  9  0.38  0.36 
   301000.0000  -1.117244   0.334288  -0.782956  6  9  0.37  0.37 
   301500.0000  -1.145712   0.304031  -0.841681  6  7  0.39  0.37 
   302000.0000  -1.162023   0.259443  -0.902580  6  9  0.37  0.35 
   302500.0000  -1.137371   0.309422  -0.827949  6  8  0.37  0.36 
   303000.0000  -1.129205   0.312570  -0.816635  5  8  0.41  0.36 
   303500.0000  -1.187405   0.320351  -0.867054  5  8  0.37  0.36 
   304000.0000  -1.184537   0.255872  -0.928665  6  9  0.40  0.36 
   304500.0000  -1.245703   0.329917  -0.915786  5  9  0.37  0.36 
   305000.0000  -1.264680   0.296089  -0.968591  6  9  0.38  0.37 
   305500.0000  -1.261558   0.312704  -0.948854  6  9  0.37  0.36 
   306000.0000  -1.208848   0.273184  -0.935664  6  9  0.40  0.36 
   306500.0000  -1.183093   0.275710  -0.907383  6  7  0.39  0.37 
   307000.0000  -1.258214   0.315416  -0.942798  6  7  0.37  0.39 
   307500.0000  -1.146720   0.308392  -0.838329  6  8  0.39  0.37 
   308000.0000  -1.224474   0.337612  -0.886861  6  8  0.35  0.37 
   308500.0000  -1.177232   0.263409  -0.913823  5  9  0.35  0.37 
   309000.0000  -1.180353   0.289449  -0.890904  6  8  0.42  0.36 
   309500.0000  -1.212224   0.286919  -0.925305  6  9  0.35  0.37 
   310000.0000  -1.251159   0.284376  -0.966783  6  9  0.36  0.38 
   310500.0000  -1.248549   0.274246  -0.974304  6  9  0.38  0.38 
   311000.0000  -1.226722   0.319058  -0.907664  5  9  0.38  0.37 
   311500.0000  -1.220368   0.275558  -0.944811  3 10  0.37  0.37 
   312000.0000  -1.156162   0.288645  -0.867517  3  9  0.38  0.35 
   312500.0000  -1.214921   0.343203  -0.871718  3 11  0.36  0.38 
   313000.0000  -1.239406   0.324046  -0.915359  4 11  0.38  0.38 
   313500.0000  -1.179184   0.305428  -0.873756  4 10  0.39  0.36 
   314000.0000  -1.230594   0.276440  -0.954154  4 10  0.40  0.35 
   314500.0000  -1.150698   0.283995  -0.866703  3 11  0.41  0.35 
   315000.0000  -1.201988   0.296637  -0.905350  3 11  0.37  0.37 
   315500.0000  -1.176781   0.311262  -0.865520  3 10  0.39  0.36 
   316000.0000  -1.172195   0.308607  -0.863588  2  9  0.36  0.39 
   316500.0000  -1.150902   0.300927  -0.849974  2 11  0.37  0.36 
   317000.0000  -1.128814   0.312321  -0.816493  2 10  0.45  0.37 
   317500.0000  -1.149364   0.291376  -0.857989  2 10  0.41  0.37 
   318000.0000  -1.260541   0.285589  -0.974952  3 10  0.40  0.39 
   318500.0000  -1.198727   0.292759  -0.905969  3 11  0.38  0.38 
   319000.0000  -1.241758   0.304385  -0.937373  2 11  0.40  0.38 
   319500.0000  -1.210439   0.278241  -0.932197  5  9  0.37  0.38 
   320000.0000  -1.237100   0.303103  -0.933997  5  9  0.38  0.36 
   320500.0000  -1.277449   0.313433  -0.964016  5 10  0.38  0.39 
   321000.0000  -1.256234   0.294564  -0.961669  5  9  0.38  0.36 
   321500.0000  -1.224440   0.298605  -0.925835  5 10  0.38  0.38 
   322000.0000  -1.188275   0.272668  -0.915607  4 10  0.40  0.36 
   322500.0000  -1.154739   0.279888  -0.874851  4 10  0.35  0.35 
   323000.0000  -1.220338   0.302350  -0.917989  3 10  0.40  0.34 
   323500.0000  -1.225126   0.290040  -0.935086  3 11  0.39  0.35 
   324000.0000  -1.203267   0.271231  -0.932036  6  8  0.37  0.40 
   324500.0000  -1.203113   0.274183  -0.928931  6  9  0.40  0.37 
   325000.0000  -1.159689   0.314906  -0.844783  6  7  0.39  0.35 
   325500.0000  -1.355691   0.304570  -1.051120  6  9  0.38  0.36 
   326000.0000  -1.262528   0.296217  -0.966311  5  9  0.35  0.37 
   326500.0000  -1.240078   0.308136  -0.931942  6  8  0.40  0.37 
   327000.0000  -1.246103   0.253519  -0.992584  6  9  0.36  0.38 
   327500.0000  -1.267070   0.325443  -0.941628  6  9  0.39  0.38 
   328000.0000  -1.299216   0.299652  -0.999564  6  9  0.38  0.37 
   328500.0000  -1.177773   0.257274  -0.920500  5  9  0.38  0.38 
   329000.0000  -1.158880   0.300519  -0.858361  5  9  0.41  0.37 
   329500.0000  -1.246085   0.311357  -0.934728  2 10  0.42  0.35 
   330000.0000  -1.176461   0.277482  -0.898979  2 11  0.38  0.38 
   330500.0000  -1.165655   0.301751  -0.863904  2 11  0.37  0.37 
   331000.0000  -1.150445   0.307456  -0.842990  1 11  0.40  0.34 
   331500.0000  -1.134395   0.294783  -0.839612  1  9  0.45  0.37 
