t = 45530971
b = 16 16 16
E = -0.903890703369681 -1.23445145549384 0.330560752124161
-75.7091461984569 -88.8469633105704 -73.8716887755045 0.436871960750026 -0.893778406579684 0.10150394003325 -0.526634776767606 -0.345618346055467 -0.776661941110031 -0.501995050024546 0.0429875097699524 0.0247105694070608 0.496217869333654 -0.440177068288602 -0.143178574208844
-75.4775383639924 -88.749732463378 -73.4616199177491 0.55590488942443 -0.763459942163566 -0.328783622806216 -0.678346020664139 -0.188052943384972 -0.710269502888429 -0.439165992410821 -0.10486215469282 0.546525725737879 -0.158844768285962 -0.00434964926516424 0.10212353604214
-75.1775491434509 -88.9793249358288 -73.0604615251297 0.667188245633417 -0.199763102168065 -0.717603336043526 -0.74475449108183 -0.160575867272818 -0.647731533015826 0.559397579786532 -0.51129559139956 -0.334627709551227 0.441954144586132 -0.105307490942664 -0.120644313802128
-74.6631277766856 -88.9761477497689 -72.7925636367406 0.53430218749196 0.0422704788525656 -0.844235973563605 -0.75051339016192 -0.435789930321732 -0.496806589950089 -0.2690995403639 -0.220468259178995 -0.468630658473113 -0.679620597922308 -0.210189921389008 0.325604423058911
-74.1677106599327 -88.7497296757157 -72.6693752559853 0.185773699456464 0.255553344049765 -0.948778488866239 -0.724112187945432 -0.617089752616956 -0.307996390374999 -0.274360762286162 -0.0882929892128488 -0.192184138693 0.273101346486086 0.304233949077454 0.201256929254136
-73.6985875184448 -88.5533259111493 -72.70234754472 -0.276468916429032 0.590600012666562 -0.758127009996893 -0.606711014544294 -0.719055695942619 -0.338910977932439 0.0997904451312116 0.0987486020377169 -0.294307487957612 -0.144062342291087 0.201685821918247 -0.254100066205844
-73.3170485268651 -88.2440794315576 -72.83683298683 -0.707968177970893 0.620972184658909 -0.336414335099568 -0.538887142249412 -0.782867398320707 -0.310997242053404 0.230162818857578 0.370312545090308 0.796171600818315 -0.280140109329293 0.289877498393866 0.342047390679395
-73.080244140489 -87.7288683729612 -72.8647896039801 -0.916760343797825 0.348041580583663 0.196003903595109 -0.398954033423064 -0.821972939096251 -0.406443312909598 0.0490342279728011 0.385626098983647 -0.0605299148800577 0.0251633545333886 0.218249948282829 0.316894497025342
-73.0814210613762 -87.2608440497215 -72.8270608434989 -0.796898015202063 0.0709709174132944 0.599930564522703 -0.528380387887495 -0.563304042425895 -0.635218640691927 0.478044374009552 -0.115205896249057 0.135327419829202 -0.479755141121504 -0.686453507926775 0.409925755925666
-73.0936133645914 -86.6724407726346 -72.6255186890706 -0.499316132651877 -0.291504935040364 0.815909475689959 -0.528400323893866 -0.643849273097536 -0.553399684893876 -0.628034981811634 -0.312560711829734 0.374001236287968 -0.174182628198402 0.201867420205246 0.224539360239328
-72.9729490235571 -86.3229430552264 -72.2797520089174 -0.21645289197017 -0.687563933281267 0.693111811476727 -0.542092424097468 -0.505801903897288 -0.67104413994165 -0.502261114092572 -0.301606271024083 -0.199486977921816 -0.319128661227635 0.0492788919972559 -0.0310529010020113
-72.7716280462331 -86.1425176098693 -71.9093823831484 -0.0649833720764006 -0.896367632119622 0.438522780983889 -0.676524976478788 -0.283467184090855 -0.679676622920028 0.204148419731656 -0.24243340815917 0.0815141167810796 -0.0486035761363587 -0.0960127594955795 0.294464016224352
-72.5894878137695 -86.0810924347697 -71.432020047485 0.340903972749692 -0.938467002222882 -0.0553549194041949 -0.823213210797213 -0.269565502261118 -0.499654330071957 -0.255099545967071 -0.0864791360683399 -0.0143763951537808 0.32323301897654 -0.174322667594541 -0.540110592735593
-72.447513650294 -86.2019683599345 -70.9618117021446 0.676791507038208 -0.436981868864244 -0.592452616067206 -0.719459215499661 -0.222090150752035 -0.658068691073777 0.246595400751782 0.192682630090396 0.427927443583698 -0.102684395417027 -0.119442490068147 0.0387893597687953
-71.9624284470727 -86.2746539615154 -70.7335568996898 0.441083113035565 -0.114372263187422 -0.890148680169918 -0.897210118512678 -0.0798903088975631 -0.434317328439357 0.125448314827438 0.412045284105896 -0.150676947530139 -0.171214830196512 0.513790774112556 -0.00905468907421009
40.6794204708753 25.6069406848303 -215.695191402736 -0.688611535669972 0.134628983623496 0.712523115211535 0.550959866571069 0.735984490142812 0.393408255756326 -0.100660308656238 0.584509906790278 -0.0579082561736141 0.0597351552254042 0.43020238359194 0.429750960329265
40.3419323561322 25.183476770822 -215.62837505877 -0.682541465628988 0.456901912312024 0.570418960258745 0.721007291706193 0.548599329685672 0.423305162707638 -0.0804500051235665 -0.0958155080304711 -0.0596621138722708 -0.373868469114196 0.0141425736062726 -0.241527416527464
39.9445714855672 24.8402067410001 -215.536604203777 -0.523817898631873 0.841683601030611 0.131085944437302 0.782641612751485 0.414787460839919 0.464137337778083 -0.000640035422091303 -0.443530695408156 -0.355795347131461 -0.240278849433173 -0.162650619914813 -0.183194499257211
39.3444934141756 24.7895392316683 -215.439179117514 -0.232792259897158 0.898642667407681 -0.371818665543245 0.876145620084335 0.359729927791117 0.320878842335257 0.591194323363748 -0.131654450788982 0.374186404352551 -0.0671275261798689 -0.169682239254186 -0.365722915560922
38.7707385867842 24.8547779991513 -215.485225241711 0.0792030867302981 0.767565912656163 -0.63605773384238 0.784429151537247 0.345745484851792 0.514908696686264 0.454261137680787 0.245146018969574 -0.097613487627474 -0.14927829671036 -0.966388710703115 0.57677137873893
38.2740175338312 24.8624878078676 -215.740643928875 0.488691997841984 0.484874330558108 -0.725311667361719 0.540647544975657 0.484178810011329 0.687947027065151 0.286796191131191 0.535342141760429 0.0394060884356061 -0.655995702810381 0.0252034811127759 -0.136643469998926
37.9882746183474 24.9585663408334 -216.196455915754 0.774641420416252 -0.16821273691138 -0.609618852166072 0.593882669376279 0.52478217747577 0.609841816554361 0.258698069256326 -0.0443537613006119 0.0175707630342966 0.704715756277454 0.243463186227452 0.114253163411783
37.8784939106042 24.7439330269697 -216.676996192249 0.863587941094053 -0.424859543316711 -0.271496291778848 0.497785612473801 0.804048950475745 0.325138077211725 -0.508292978741231 -0.113790523289963 0.657461200294324 -0.394211422843559 -0.259431955620992 0.134311492294929
37.8678891207621 24.5185245720179 -217.250743083736 0.74096006064014 -0.619744778366931 0.258639900678737 0.444684636431655 0.741400719402739 0.502573922314655 0.381486911288239 -0.161309339409934 0.0592383641948522 0.579792550182641 -0.458936354473219 0.331643873993344
37.9117413941218 24.1168791363424 -217.645809240354 0.350789392976232 -0.545379560773583 0.761254186501328 0.519525189365733 0.7896790692831 0.326344212681453 -0.44148733422498 0.134288211193129 -0.0163312668854873 0.0164531113613596 -0.552367077110742 0.0252678941239008
38.0367488229752 23.5936411769648 -217.787207701624 -0.181045183679714 -0.364573297152326 0.913405141473301 0.338726312193089 0.848813556481769 0.405931067745292 0.291778456152985 0.591731999458904 -0.511304550693261 -0.00247461273417778 0.0315639003893615 -0.000413100809704556
37.9732954784561 23.0443573324834 -217.78614566659 -0.558071150516488 0.0189225510308678 0.829577318894217 0.625470908332921 0.666563148255272 0.405560984584585 -0.271734528282805 -0.282286602116566 0.254945224467635 -0.0403355830839649 0.414316528771973 -0.109200830654971
37.6940403851486 22.5868824716929 -217.669667019647 -0.790604478700839 0.43484107174171 0.43111228303622 0.611892504079427 0.534521892873765 0.582987057738048 0.657724405153592 0.187072932918121 -0.260854203944325 -0.310559427799042 -0.0425297440413355 0.151910550098428
37.2245506832498 22.2977967797091 -217.730170319182 -0.650543740055514 0.713184431150911 0.261076252153479 0.571814950060738 0.233717661856769 0.786386493667859 -0.0814527932770029 -0.321967847654711 0.0362523019797392 -0.279192569933191 0.515038443704857 -0.100118273007868
36.6854295469737 22.0903158808906 -217.789979098215 -0.21776436978709 0.923901882358791 -0.314617213491403 0.522415522966938 0.382626206094134 0.762023101863189 -0.0132360946920565 -0.194289254624289 0.928333785652614 0.333242144912266 -0.818903940193864 0.246602798880778
-75.9200092867065 -77.0629279089645 39.8517846078479 -0.223479186627769 -0.219855940787594 -0.949589605274099 -0.965470415678525 -0.0838840634198873 0.246638075636561 -0.237217059683907 0.338302042262307 -0.110107708799288 -0.072814927966075 0.223989855623838 -0.169254846887827
-75.9690873165532 -77.482149733262 39.411968548863 -0.788420583332517 -0.261239379740238 0.556908403824652 -0.294293544827611 0.955197858004846 0.0314382177574807 0.043065327470967 -0.12012559763054 0.532160315822385 0.226151271385256 0.107295531058809 0.510605450112381
-75.0495406403705 -76.8000027408831 38.8065523562374 -0.0190349320926777 0.950038730463036 0.311551090481854 0.484505500231332 -0.263810519923037 0.834061406506465 -0.144466184433587 0.430000934971496 -0.19723987855999 -0.566035672515676 0.21578292907727 0.0985723312906216
-75.6497361581232 -76.5433427438293 38.0679885412838 -0.151803664246252 0.988299973832585 -0.014792202133025 0.696533365818815 0.117582318002722 0.707824603128647 0.040202155246601 -0.560613562645632 0.652887137120174 -0.218558313281603 0.22028734406232 0.625718335701962
-76.1038834773423 -76.6345539615801 37.9155738453136 0.370646163466223 0.782379344838932 -0.500503728534756 0.600666715951755 0.209093526791637 0.771673113048247 -0.316065771143191 0.189549188812336 0.0394317061903751 0.404910354456007 0.0943207508836089 0.187124335559417
-76.4782721248062 -76.4017361673142 37.7088225164874 0.730523728854212 -0.0768382714607896 -0.678550633055374 0.682887162212196 0.082857528167822 0.725809722800466 0.489349700507453 0.44186488746207 -0.517524346352091 -0.150605952719352 0.466157561727348 0.147631916639813
-76.511573667632 -76.1351551742312 37.3392532094382 0.0632937471826457 -0.893452279635694 -0.444676203075207 0.797291530981392 -0.222729805993057 0.560997012601367 -0.395344456496227 0.209416144291112 -0.233606865496129 -0.234831550918272 -0.0675625308006861 0.156619543804437
-76.7946922152997 -75.9977972692925 36.9411255934026 -0.270102648311213 -0.907437501183436 0.321872243011467 0.959250329780028 -0.224810132330773 0.171170117772733 0.262474128761933 -0.248553456823623 0.409473507116211 -0.152735342034296 0.105105745022784 0.403522156873718
-77.2332434589606 -76.0325582982408 36.6664281372666 -0.191962606854831 -0.622408703449683 0.75878703431174 0.981401980936322 -0.122305593093766 0.147957742995344 0.108171354329404 -0.29599061785761 0.328096053209851 0.00511519662835815 0.553749822526447 -0.0221827075338229
-77.6713857596777 -76.3076816810985 36.5289177863984 -0.0542993404228145 0.395585167329608 0.916822751145763 0.991755099208417 0.128100805528491 0.00346508543115176 -0.214142896779886 -0.350868598562277 0.0572405621964129 -0.550922160728078 -0.111385630238443 0.289481046726156
-78.156336835767 -76.4729085154649 36.7404568876965 -0.0616573128654531 0.913911529098081 0.401203306008069 0.996980722926634 0.0754025319806659 -0.0185444407725478 -0.384668952050255 0.507444211131371 -0.553460667359452 -0.204273374150923 -0.265789541010702 0.0235064948499679
