t = 10110789
b = 16 16 16
E = -0.972117650323362 -1.26160377627585 0.289486125952487
136.509352493881 160.440512840782 -75.9708320068899 0.866709259221946 -0.332874597621477 0.371496382535934 -0.418402263653367 -0.890627738524247 0.178106083952546 0.556073779959442 0.131573737771415 -0.611579250603601 0.0945569888181824 -0.457967859365499 -0.232173861870779
136.679347691719 160.866758082468 -75.7395549141376 0.762546088021694 -0.488063017205127 -0.424638616801898 -0.396378954957026 -0.87122900890817 0.289557832054418 -0.184883046162389 -0.307065189157386 0.322859701968584 -0.312299525016836 -0.695793032363 -0.0264522842268815
137.086411652951 161.160929329713 -75.9362497277267 0.495754672780683 -0.688473841587236 -0.529368561463779 -0.558347921948046 -0.719546447861732 0.4129170708821 -0.422502983673512 0.122369286699062 0.513768478520921 0.0221886276578633 -0.748438730638461 0.202457034491897
137.473907952794 161.366662948488 -76.0639980140057 -0.0881628873406471 -0.505306984085429 -0.85842422911417 -0.386755929974421 -0.776805671553902 0.496983701212944 0.0286751170187869 -0.481217662750992 0.145960121037167 -0.600343435929571 -0.124579129515344 0.310120600523226
137.821108060077 161.43696721563 -76.4016351268608 -0.695605619282332 -0.0987946786037718 -0.711598506113116 -0.455995651042346 -0.704688482329931 0.543582660781243 -0.428227061619765 -0.147299533145552 -0.112958185139572 0.241986849647483 -0.440660029369587 0.0852685683468068
138.013351433741 161.703595296838 -76.8285940204137 -0.931172158490952 0.106601491836014 -0.348646716877779 -0.289962368072409 -0.796227133066274 0.530984159529182 -0.335260303816562 -0.532345984899078 0.601387261421656 0.125700552885516 -0.402539319894468 0.117701637878061
137.957072358593 161.881829828532 -77.3128888929671 -0.883578553010526 0.416489414458152 0.214068933533429 -0.294511514553516 -0.849646566424221 0.437451345819105 -0.339854998379067 0.345641143657291 0.169596773700144 -0.412766165632576 0.0780182075561069 0.0571882910920663
137.851287895353 162.266919062421 -77.6610894402101 -0.602335360916385 0.356244998643927 0.714339984832783 -0.2582175875066 -0.933732335120324 0.247926609812313 0.0478366956459985 0.29130306982693 -0.154039413729653 0.622941225420131 -0.244590672737814 0.200191013880919
137.657445210283 162.713195331307 -77.8296618290046 -0.151888387249384 0.31417607846649 0.937135694303765 -0.16951083485951 -0.942368748379918 0.288456615355057 -0.264166370675647 -0.508070362119714 -0.0926283306576398 -0.460878501930415 -0.0164827691353333 -0.0651969787267121
137.572386600058 163.206198898195 -77.8549092969978 0.381154239949425 -0.0312224390744131 0.923984093297502 -0.405024485176315 -0.904054855867399 0.136528326695359 0.0880362180856649 0.128601179983111 0.0344834298506609 -0.169945791711233 0.0647590180686451 -0.315212298955485
137.578979377653 163.770005398813 -77.7171496784065 0.787211982965724 -0.357137271328271 0.502742740676943 -0.494369375764551 -0.852806399515884 0.168285962726835 0.481824976705058 -0.060291987579606 -0.0972593794397467 0.475692704355962 -0.09447999749437 -0.118260557092504
137.870229758185 164.175549747651 -77.5276028943489 0.763311122560787 -0.63964225996703 -0.0906306208698014 -0.6215308345595 -0.765368977199496 0.167062115491109 0.406986266568244 -0.278785454866005 0.0463377498804614 -0.103236190524123 -0.208152048007231 0.312781679912637
138.365345240938 164.344857296734 -77.3191301111254 0.574405965167298 -0.577496993560218 -0.580133613583226 -0.604475631011508 -0.777141311370393 0.175101666681819 0.137328563020975 0.0893560034367761 0.241792950308683 0.221052837772262 -0.204589289666869 -0.28114759543198
138.79428352113 164.689538819348 -77.4519149151022 0.050542671169664 -0.678446811037669 -0.732908836748371 -0.536972920453975 -0.637211704183225 0.552830287476226 -0.182593607423378 -0.564376876800502 0.496967755773927 0.156236423346672 0.00635902169293096 -0.522830452804907
139.141170720801 164.846764786163 -77.7856032125498 -0.437233992242631 -0.476908678847331 -0.762485769091889 -0.261090417994196 -0.743996404156579 0.615061902765649 -0.180078863943096 0.0358775194900688 -0.107186758619163 0.0905492417635832 0.298583971256675 -0.258593566325944
362.663994209115 180.389187279518 145.196834906431 0.426893520320522 0.339726042060685 0.838062132931768 0.0979719346679682 0.90392051916121 -0.416328229954167 0.054145589208188 -0.146003684641493 0.243540408765252 0.0315239540822116 -0.053199307011271 0.13538073257857
362.819909972175 180.023742008675 145.563668713372 0.0379316947691203 0.535504295727227 0.843680233139088 0.451314169545582 0.744093607403058 -0.492585245200555 -0.0973471962463436 -0.413459967242299 0.270621505812136 -0.161068572214919 0.539153221776985 0.221522897468008
363.000064932909 179.671604624766 145.970095101025 -0.516817320876465 0.554543907616644 0.6522123207724 0.449251838679173 0.824195285213545 -0.34478242019444 -0.809123150229268 0.173854509693016 -0.141288798962575 -0.0404654349838172 -0.391743214967463 -0.0628464448086145
362.798617917804 179.418038852715 146.418719223016 -0.736283370535191 0.668668627380652 0.103774105778905 0.649898752238681 0.741497673557287 -0.166771736057772 0.079793912820384 -0.00412073836683251 0.181865511807242 -0.0287696770022692 0.493704737598686 -0.545038303003867
362.529322795925 179.297636405078 146.887683654172 -0.810668341321258 0.354778831968219 -0.465777651639383 0.503572194674494 0.828334769554641 -0.245512839374163 0.385303447179221 -0.294473810477045 0.245632844301089 0.0769282109176827 -0.13703662884896 0.105116420585568
362.131010219963 179.187483773379 147.19102737647 -0.514641869520058 0.0109095022804192 -0.857335832038348 0.459480187176628 0.84772471800471 -0.265029734324218 0.0898452453162638 -0.34233454642788 -0.0257394253580762 0.288437425998996 -0.235924607673026 0.720772384472926
361.524628076992 179.10615118563 147.307690390146 0.0481771811761421 -0.333640599358266 -0.941468485757116 0.497095807026981 0.825554353188511 -0.26712500550812 0.177769571383368 -0.210140310970424 0.248113976043055 -0.209020206969513 -0.318892911696833 -0.213718695906535
361.080658660231 178.742589279461 147.170921662675 0.561838437185955 -0.36430580877016 -0.742710474005013 0.402505264159021 0.904755788746188 -0.13930712492381 0.402497387833522 0.289736178580219 0.192132185444039 0.287132148879624 0.303147263384535 -0.391644405167991
360.916813436036 178.354026996083 146.870634160431 0.87968681576745 -0.431290130210724 -0.200349518960573 0.384137669224652 0.892799058350712 -0.235261753140508 -0.333388552000102 0.283002977040842 -0.136372056733213 -0.245150132951226 0.618659029440781 -0.408226372297299
360.911022525197 177.792821393428 146.755831811425 0.968694766039605 -0.137267208014849 0.206853000585607 0.21856408979764 0.866700343100129 -0.448397428539758 0.807060638823819 0.365341112793189 0.260876986378142 0.322755141832736 -0.465647748173324 -0.296351346025912
361.014325086689 177.242623485805 146.695463360612 0.660821818766114 0.211007452006454 0.720271045537984 0.10212073536141 0.925464027231294 -0.364811855221398 -0.0197569971472448 0.0284672857597951 -0.510899652188851 0.275287470483328 0.290427501308949 0.529741439520426
361.336322122619 176.821540078443 146.919145140407 0.206683224583834 0.373805816386782 0.904185410361751 0.226528896793973 0.880746523917469 -0.415896885687554 0.433762103384429 0.347933237877376 -0.269690947054735 0.00929454667247114 0.373831151922135 -0.19120337898421
361.570298310667 176.430844090178 147.305670826829 -0.257572828737304 0.599478393003822 0.757813891544504 0.239680209927914 0.799404144848427 -0.550914158620075 0.126055148265818 -0.076204558649525 0.0752412294312399 -0.618746583546357 -0.205248406545469 0.44007339641072
361.565651934134 176.236961786632 147.79519555438 -0.738008469659212 0.575396336177697 0.352508943183775 0.412736415551013 0.798195474409924 -0.438785409864108 0.119958600086035 0.176489241236807 -0.378735100609837 -0.289143245964371 -0.213703361112254 -0.199138379601575
361.827229059874 176.062967574283 148.315330943388 -0.959818883076635 0.0504463080086984 -0.276048694432364 0.248167578534224 0.611802227606771 -0.751073157062519 -0.66431520172665 0.0798397807798413 -0.220932253368263 0.235534532634611 -0.181331502535087 -0.323307912411308
155.544762068436 155.38757267833 -71.6348978807821 0.19628040052847 0.329660311445845 0.92347067274809 -0.670497718950104 0.732320182504286 -0.118911560327855 -0.0482121819946917 0.010438864485659 -0.0491080742734315 -0.387747701969536 0.395993987850868 -0.385227757485604
156.003380495518 155.285438750931 -71.5848012679681 -0.254527409515231 -0.0688944285417395 0.964608394905094 -0.651696933743723 0.749172850057595 -0.118453143840136 -0.0385803079758506 -0.355963809003591 0.791752633515101 0.0647382131317744 -0.189176930391046 0.0394800044477303
156.468001352314 155.186449692785 -71.3357538940111 -0.593243532994796 -0.719772763636202 0.360540260286366 -0.795314582564314 0.593368966206565 -0.124048316004323 0.866812435916609 -0.457784256875075 0.381446160216706 0.269616654453679 0.194577623546765 0.0298741239937492
156.878985838592 154.903932226462 -71.0284898074824 -0.503535647083481 -0.803445343883019 -0.317690779703957 -0.734894247380454 0.591647068486921 -0.33148784520392 0.0432931882548747 0.0336504614634594 -0.102279502612138 0.380704474996223 0.341124893394375 -0.331067956159538
155.867463170837 155.719867380731 -70.4429932104908 -0.114267717111953 0.969447653155802 0.217057910744426 0.0882529164201534 0.227530886801063 -0.969763434191479 0.247310090189067 0.0568043998178993 0.298529192396408 -0.010119265350802 0.104179645909328 -0.03411257315525
156.046155019733 155.747218618806 -70.0005122572395 -0.857145871893626 0.503577063131951 0.108217816384883 0.0815441447442074 0.340122507317796 -0.936838957598255 -0.222321396400719 0.0137690730543232 0.356861503955528 -0.312021639397836 0.307376710891583 -0.210655883696239
155.98434524533 155.654724364954 -69.4280318390259 -0.887918717004636 0.341351334696067 -0.308349831026449 0.442432419555762 0.450248767666894 -0.775583394188191 0.160260917638167 0.0302111693736804 -0.406604857907573 0.203759223930711 0.0669155132667913 0.0966584874821106
155.703731713762 155.600442274695 -68.9879763544942 -0.766933960093074 -0.0637977974377512 -0.638546898745929 0.498171708789517 0.568051863934096 -0.655089328597806 -0.204687232048286 0.22397034880379 0.0724176359365614 -0.277518350519086 -0.156105082401167 0.123246808256884
155.312985570918 155.612028165327 -68.6832656971368 0.107587256167117 -0.823712164880364 -0.556707510043227 0.49550929462552 0.529879788344417 -0.688257182195575 -0.396022299006252 0.0757863976156259 0.678394255670608 -0.3880145919656 0.375757566974015 0.0453440540700335
154.998404103994 155.363144747969 -68.7067615517239 0.632069274386115 -0.733098116852096 0.251108708421112 0.662819057570219 0.343591871328171 -0.665293561429046 0.115300660903595 -0.196796993171303 -0.269440769055892 -0.226266849790309 -0.154826943215593 -0.00264909076099365
155.0105716556 154.592577931973 -68.903778225722 -0.316405729233379 -0.682650649483999 0.658692269020501 0.64282553374773 -0.6649260409904 -0.380327087090559 0.140528295355391 0.0868177798393507 0.449317850036775 -0.305795743546185 0.250202792454631 -0.264732030937963
