t = 248885144
b = 30 30 30
E = -0.921452104744349 -1.22623059514281 0.304778490398465
601.270924260822 1211.56492148487 -206.738286979683 -0.274405280864365 -0.139728612228831 -0.951408249259143 -0.160498096801729 -0.968853620612038 0.18858160766607 -0.00158858896900375 0.309551358360755 0.0577203713654885 -0.353147354677316 -0.0778321521809451 -0.365883914008378
601.568327863586 1211.86390142712 -207.040663931544 -0.796405623479529 -0.0206396520809839 -0.604410529071185 -0.132369322354292 -0.969234660385613 0.20751514548739 -0.0544342825097904 -0.694152705926993 -0.188146521166855 -0.257616691191786 0.30888488145841 -0.152953131011946
601.651094047475 1212.24521179368 -207.408076161326 -0.996869535673116 0.0703705436660896 -0.036043243902261 -0.0771884725676391 -0.964917538968037 0.250950359024498 0.302030618706264 0.208006624223465 -0.637575797529614 -0.285573189908576 0.158644186921453 0.473640371957743
601.519770653443 1212.66865089615 -207.675402913126 -0.832802727059119 0.126758775249626 0.538861606259039 -0.0448877969741398 -0.985687933686813 0.162494255489139 0.0715372060061261 0.319494778105886 -0.291951538373449 -0.157648200715968 0.0349499964120658 0.344406805847855
601.265042885593 1213.12347424452 -207.808601629963 -0.395173431575479 0.0873141926629867 0.914447478391442 0.0538531919842652 -0.991558264136062 0.117949321899621 0.594433547651786 0.317007433569454 -0.987022233249462 0.0500108208960758 -0.203629189462946 0.252881279428742
600.999552424125 1213.54417427797 -207.746370353762 0.174205239540454 0.052643485765547 0.983301173559304 -0.133484204842096 -0.988090231097903 0.0765484308564313 -0.000727733021251032 0.142226483966436 -0.155140107580214 -0.386820992225411 -0.0761723542102007 0.0583924346047627
600.83268059048 1214.0696059847 -207.656810047148 0.665245343060211 -0.176483785562665 0.725466820033968 -0.353377887524199 -0.930363292501746 0.0977149557348035 0.22182682683165 -0.222024654310437 -0.181139790715307 -0.284964737330132 -0.173102428327816 -0.570329612726056
600.946154840029 1214.49202719881 -207.42915685094 0.852517222114975 -0.471131707841015 0.226383082106782 -0.509029821105641 -0.846716553113512 0.154789275819312 0.132682913078671 -0.263403554670825 -0.292028539451551 -0.256491187561043 0.228660488712371 -0.0229606347208923
601.32518037724 1214.95487441195 -207.270644453614 0.73529344103419 -0.621715438279349 -0.269839710526824 -0.539531613320391 -0.777907113811808 0.322127553166208 0.521742042407736 -0.0418274388436285 -0.0684823466696654 -0.146409327346267 0.580761901588538 0.196859754138864
601.671254999363 1215.28027444673 -207.486493528527 0.362498263222422 -0.755916961400803 -0.545146362573677 -0.503139582524425 -0.651096035049157 0.568264475082177 -0.100190335468387 0.358761094920184 0.153784817511275 -0.456651085490911 0.22478642787334 0.195799943489162
602.12698360724 1215.42100114611 -207.63971937016 -0.168327637860555 -0.514019925135541 -0.841100067112081 -0.572568115043469 -0.643585995534727 0.507900403609941 -0.192012627974031 -0.396385814641602 0.226518965239842 0.718560871274509 0.0328581809030022 -0.182084002855493
602.464914722527 1215.70355062894 -208.013612242907 -0.521590478591629 -0.372294014250856 -0.767685182607745 -0.494529632993844 -0.601295524698384 0.627601891383904 -0.189091220389828 -0.138278279241824 -0.374137860313666 -0.160727570271911 -0.0159411235272641 -0.026456029977111
602.762968507768 1215.70391655384 -208.387961843943 -0.830232474982278 0.149828595548935 -0.536903556926736 -0.48498750668169 -0.668963576227669 0.563271561543229 0.26301080179101 0.532557101647952 -0.195354392817391 0.5483209242095 0.231190459267298 -0.251541585465272
602.935550548059 1215.8522532941 -208.854781351859 -0.893291233891492 0.411751300898862 -0.180254369324822 -0.448861284628946 -0.796183087410829 0.40572902100071 -0.286674895096781 -0.182767449477985 0.511008740690052 -0.354012581026421 0.178566531694696 -0.433195108849077
602.970555926498 1216.18086515055 -209.238486581158 -0.714912461150545 0.511046549363747 0.477212318863484 -0.412696062036774 -0.859343739830168 0.302010425638053 0.620727377572268 0.0672185316773403 0.266944593922728 0.544771817246391 0.32175395973941 0.215958115331499
602.94670861683 1216.54187374152 -209.482693958691 0.296620892677398 0.169262468222749 0.939875663520657 -0.589356341673853 -0.741959159116136 0.31961806696813 -0.0155022413930662 -0.0444844121781189 -0.0758781742283216 0.281693765172295 0.363993528618165 -0.442631174675286
602.780104987116 1217.40127559959 -209.826634496887 -0.0949889620667968 0.332240826837806 -0.938399238100488 -0.305061858621865 -0.907023062771879 -0.290252348852034 0.448253619211381 0.59908686972977 -0.0198288323754215 -0.070094594675411 0.0549206643749818 -0.475738070478303
603.173227477879 1217.73426507017 -209.889149026732 -0.814554614009361 0.377220104452911 -0.440687841439447 -0.236397899514009 -0.909608348776218 -0.341655798929125 -0.144217358667971 -0.209375004318197 0.635638166768243 0.0810318051711515 -0.00986719040962406 0.406643336998385
603.257880900792 1218.15769536556 -210.105929927893 -0.847476476208225 0.18419482296843 0.497851272435174 -0.280855567537358 -0.951432472408399 -0.126080928891268 -0.0864281038480248 -0.464253730016433 -0.294452663424353 0.0098016128895608 0.106297802812714 0.456595256953055
598.965916561225 1216.28284482811 -210.851507688125 0.156726438646998 0.673803240540912 0.72209834265536 0.869045545875858 0.253293560661552 -0.42497318894346 -0.5944208297691 -0.929139303784996 -0.282383627658538 0.314255567947061 0.214381876888703 -0.251812041686265
598.915740336067 1215.98922529403 -210.468911114699 -0.363260348526069 0.922929393981469 0.127449020842671 0.835466816860746 0.383225698768146 -0.393869599903649 -0.0892347302654364 -0.259280740601028 0.263607895824966 0.731015146408503 0.25888965906282 -0.0943647001690809
598.695559753279 1215.92703935753 -210.059895639378 -0.62522837552237 0.586837590242452 -0.514500846568887 0.774857216258816 0.545488200931488 -0.319435309657843 -0.151418059136326 -0.198707606344862 0.693761650756883 0.134143554438543 -0.118635805343118 -0.180190403670264
598.329239822264 1216.03261751476 -209.740887887503 -0.388866251847405 -0.319992797637435 -0.863937293809169 0.63331147858678 0.588204270663866 -0.502923758698074 0.378555966179715 -0.0925766682236402 -0.0118549821720408 -0.205187556631205 0.0233350155910412 -0.310517558754323
597.970403500604 1215.93462593598 -209.581141333197 0.490878121006221 -0.684227246978066 -0.539325268099123 0.393851326962352 0.726452649562824 -0.563158663427227 -0.54487933336712 0.229400986685971 -0.0907281200311267 0.209341827698699 0.400590155217104 0.241722845338047
597.324670648199 1215.21538099245 -210.168055677906 -0.508828086452118 -0.666619147248524 -0.544713586170839 -0.262464345601726 0.722752226219693 -0.639329091143459 -0.438054138791298 0.203917013826221 0.0268749625135907 0.366906671137187 0.624426472423211 0.0716088944403648
597.226847709063 1214.87490510261 -209.837864873335 0.228893804934081 -0.620462381163218 -0.750089367758292 -0.44590092616183 0.618126138184355 -0.647373494469218 0.152190226618157 0.0716351181995121 0.252980249011883 0.167843695251339 -0.198752228944433 -0.17925444758581
597.340838734105 1214.46812295912 -209.558272282818 0.526258787567647 -0.0335151054628095 -0.849663713602984 -0.508596491054381 0.788377098591499 -0.346108595246658 -0.591237122524041 -0.493450648333655 0.483021647367242 0.0499202291152018 -0.0677647288683784 0.444583108630196
597.469826878136 1213.93898373096 -209.586724127106 0.92090930722993 0.334432800608139 -0.200201772556314 -0.387874161142688 0.836982603229278 -0.386023000622146 -0.371794159855877 0.20238200571979 -0.334437644560058 -0.209380974728505 0.270188764748313 -0.0155493012090017
597.727914315009 1213.50782526834 -209.470764748351 0.848163806098132 0.503869370834775 -0.163504786351023 -0.491369373422523 0.633001743857627 -0.598218130062569 -0.0214130689341583 -0.293208794587405 0.358966815271231 -0.521205571325163 0.0896027368122795 0.552502844321168
598.113930664938 1213.13581945975 -209.286322171864 0.34686230536843 0.900429991787006 0.262511658798099 -0.609494771153072 0.429131016826206 -0.666605351264697 -0.491801110683205 -0.303917312603038 -0.51646307482899 0.264894442367288 0.205081198706588 -0.311199837041269
598.390673187064 1212.80778327503 -210.473759436811 0.236665909073661 0.424421501829351 -0.873988350189699 -0.210489040602964 0.900577209370522 0.380335448976896 0.0634770549752299 0.12177250511645 0.109691868045708 -0.254803192444896 -0.0314765559587404 -0.229516827844144
598.249888299463 1212.47457238071 -210.840100066718 0.894366432853679 0.311208127681455 -0.321338116397006 -0.113541255970425 0.852740943968243 0.509844354360006 0.093798423166625 -0.334293941591679 -0.18611099485347 -0.191953612366102 -0.125797918496006 0.141611017699584
598.283638253689 1212.38210770463 -211.386111029726 0.940815509274162 -0.0835687977601914 0.32845461414046 -0.195489125867561 0.657854905873633 0.727331371855757 0.0620362717663241 0.154740601542046 -0.300211090605487 0.0349066816276963 -0.260716301480682 0.155880005724876
598.622611655624 1212.17109788468 -211.752443142816 0.328797997328444 -0.317237646866684 0.889523553574208 -0.582842043945711 0.672956072304571 0.45543965193824 -0.149908443433287 -0.00460542470502298 -0.00978005307916247 -0.429218438749843 -0.313860180140223 -0.102964179395071
722.073947891034 1216.82766009974 -2938.77330988813 0.505893703613431 -0.598439189992705 -0.621242381462479 0.592241716815691 0.76459502060521 -0.254252243508114 -0.0235876471759782 0.767631535681705 0.226440761486854 -0.382252026563197 0.024639032694802 -0.254698862148717
721.855989457312 1216.3776301464 -2938.95658785444 0.874369894847782 -0.485258348544354 -0.00127363726787984 0.424617402278448 0.766368350243742 -0.482057686824903 0.247502211744477 0.491848886364727 0.00633091997348151 0.170127272432045 0.742685388721556 0.157066530614766
721.80144414729 1215.88174255578 -2939.0733439821 0.753489284495462 -0.254610894323776 0.606157727528212 0.526437609533564 0.785950358150874 -0.324261434325969 0.219717860113217 -0.247998992921585 0.0435814120071481 0.524159342935339 -0.455697851636845 -0.556018344316476
721.806976697128 1215.31808060539 -2938.94345536884 0.567734498360428 0.199019789484068 0.798792002191561 0.439122406798527 0.747539996882421 -0.498352751480836 0.0556749958445851 -0.0626629522155687 0.200092727403144 0.0886142073716156 -0.201635685958467 -0.124173941200502
721.958888780457 1214.81614197978 -2938.67293355426 0.161827541204961 0.476429925319566 0.864191167027037 0.301956042852629 0.809822819187171 -0.503000546429657 -0.369738082609701 -0.150318908873212 -0.283822077174568 0.763764639335565 -0.60565453303683 0.0778640381000288
722.165083874339 1214.46521645536 -2938.17134569866 -0.293507170125987 0.632892449296283 0.71645006016353 0.225545366922865 0.774146627778551 -0.591461145096357 0.423364646038556 -0.292163684072721 -0.242310501491583 -0.027418978681631 -0.0658360992022052 0.0567387213609845
722.242036222088 1214.22357874916 -2937.63763153865 -0.682212612227925 0.629460562346378 0.371974934864789 0.463265514373259 0.765731860751107 -0.446138745933477 0.156335710125491 -0.172157982514544 0.0192185836019892 -0.625913245804538 -0.260179079605245 -0.433534111794026
722.012355330953 1214.08638255655 -2937.16737325974 -0.941448390241784 0.303099986325291 -0.147666268324154 0.333228001699266 0.769817639554823 -0.544371105693324 -0.204826468661494 0.134295998579765 -0.0880037328209503 0.137356303210016 -0.190350696550368 -0.0522706514957666
721.634070279879 1213.90097364467 -2936.79460221211 -0.762862698636625 0.158103027947895 -0.626932161866445 0.414810428133528 0.863461109958527 -0.286996899462261 0.208476521776502 -0.339469755728047 0.0880254646792595 -0.531208974628612 -0.0890794889381368 -0.0359672886592989
721.311279508718 1213.61574657925 -2936.57352463134 -0.304511816957114 -0.0934296470397947 -0.947915320262041 0.268502286548049 0.946400394680348 -0.17953499677601 -0.17010028243213 0.241756668983832 0.110315571350569 -0.164637742337433 0.33564395742107 0.0415939068922119
720.884701650796 1213.19511225383 -2936.64333540957 0.272204293213851 0.0137368051954824 -0.962141425643331 0.231640631150674 0.969557559280254 0.0793773093685952 -0.0590092053744926 0.0733483258651015 -0.0525044884329401 -0.300444345111589 -0.12259308802875 0.139318133541105
720.538932840099 1212.86383646205 -2937.00659374032 0.776980529509831 -0.142382304844166 -0.613211656795487 0.232876195045377 0.969994983100502 0.0698456193400969 0.104627447946666 0.44821070605385 -0.292601193792885 -0.557546706316078 -0.108382030835042 0.217771892317077
720.433858734165 1212.43272893141 -2937.45178015413 0.96325233529311 -0.261603415549601 0.060898206255866 0.240242885770638 0.940520445595399 0.240217916179487 -0.366699635456487 -0.881997828861748 0.334073577168666 -0.251684171396448 0.559877029112507 0.411025047309351
720.573003520314 1211.84490275709 -2937.77742717158 0.867440898941706 -0.0656141764231894 0.49319475534067 0.120587755791139 0.989436725764959 -0.0804584293957089 -0.188786057640104 0.844569357918492 0.0379566926191504 -0.0541057103523047 -0.317115522275786 -0.0360077449431362
720.842135303456 1211.43626577012 -2937.82533850125 0.406149811127453 0.0696194306297802 0.911150627393691 0.22610008853196 0.958434480417262 -0.174017518408875 0.123958802184832 0.156807353521577 0.215651637939674 0.348720299896741 0.154409403254182 -0.202182783210784
