           0  -1.247879   0.000  0.000  0.000   7  7 106.200000
      100000  -1.172342   0.128  0.327  0.000   6  8 20.200000
      200000  -1.204202   0.130  0.332  0.000   7  8 106.200000
      300000  -1.230680   0.128  0.329  0.000   4  9 1.000000
      400000  -1.191982   0.130  0.330  0.000   2 11 50.000000
      500000  -1.261277   0.131  0.331  0.000   2 11 50.000000
      600000  -1.205574   0.133  0.332  0.000   5 10 3.600000
      700000  -1.219941   0.131  0.332  0.000   1 11 250.000000
      800000  -1.137271   0.131  0.332  0.000   2 11 50.000000
      900000  -1.112645   0.131  0.331  0.000   4 10 1.000000
     1000000  -1.107058   0.133  0.332  0.000   2 11 50.000000
     1100000  -1.066796   0.135  0.334  0.000   1 10 250.000000
     1200000  -1.149866   0.136  0.335  0.000   1  9 250.000000
     1300000  -1.196911   0.137  0.336  0.000   2 11 50.000000
     1400000  -1.167733   0.137  0.336  0.000   6  9 20.200000
     1500000  -1.193557   0.138  0.337  0.000   1 10 250.000000
     1600000  -1.226826   0.138  0.337  0.000   3 11 5.000000
     1700000  -1.215091   0.138  0.337  0.000   1 11 250.000000
     1800000  -1.170697   0.138  0.337  0.000   3 11 5.000000
     1900000  -1.181956   0.138  0.337  0.000   2 11 50.000000
     2000000  -1.258715   0.138  0.337  0.000   4 10 1.000000
     2100000  -1.219867   0.138  0.337  0.000   3 10 5.000000
     2200000  -1.220545   0.137  0.337  0.000   5  9 3.600000
     2300000  -1.207074   0.137  0.337  0.000   6  8 20.200000
     2400000  -1.189350   0.136  0.336  0.000   5  9 3.600000
     2500000  -1.242776   0.136  0.335  0.000   6  8 20.200000
     2600000  -1.200308   0.136  0.335  0.000   1 10 250.000000
     2700000  -1.206944   0.136  0.335  0.000   3 11 5.000000
     2800000  -1.087829   0.136  0.336  0.000   1 11 250.000000
     2900000  -1.177955   0.137  0.337  0.000   2 10 50.000000
     3000000  -1.213354   0.137  0.337  0.000   2 11 50.000000
     3100000  -1.162050   0.138  0.337  0.000   1 11 250.000000
     3200000  -1.152014   0.139  0.338  0.000   1 11 250.000000
     3300000  -1.094596   0.140  0.339  0.000   1 11 250.000000
     3400000  -1.154386   0.141  0.340  0.000   1 11 250.000000
     3500000  -1.141725   0.141  0.340  0.000   2 11 50.000000
     3600000  -1.241275   0.141  0.340  0.000   3 10 5.000000
     3700000  -1.181404   0.142  0.340  0.000   2 11 50.000000
     3800000  -1.234873   0.142  0.341  0.000   2 11 50.000000
     3900000  -1.287530   0.141  0.340  0.000   3 10 5.000000
     4000000  -1.171907   0.141  0.340  0.000   1 10 250.000000
     4100000  -1.159244   0.142  0.340  0.000   3 10 5.000000
     4200000  -1.212304   0.142  0.341  0.000   3 11 5.000000
     4300000  -1.150308   0.143  0.341  0.000   1 11 250.000000
     4400000  -1.228970   0.143  0.341  0.000   2 11 50.000000
     4500000  -1.234917   0.143  0.341  0.000   5 10 3.600000
     4600000  -1.155830   0.142  0.341  0.000   2 10 50.000000
     4700000  -1.155953   0.142  0.341  0.000   1 11 250.000000
     4800000  -1.233383   0.143  0.341  0.000   2 11 50.000000
     4900000  -1.228804   0.142  0.341  0.000   2 10 50.000000
     5000000  -1.246796   0.142  0.341  0.000   3 11 5.000000
     5100000  -1.133744   0.142  0.340  0.000   2 11 50.000000
     5200000  -1.203499   0.142  0.341  0.000   5  9 3.600000
     5300000  -1.250187   0.142  0.340  0.000   5 10 3.600000
     5400000  -1.275529   0.142  0.340  0.000   6  8 20.200000
     5500000  -1.165098   0.141  0.340  0.000   6  7 20.200000
     5600000  -1.201307   0.141  0.340  0.000   8  7 168.300000
     5700000  -1.238591   0.141  0.340  0.000   6  9 20.200000
     5800000  -1.155262   0.141  0.339  0.000   6  7 20.200000
     5900000  -1.170995   0.140  0.339  0.000   4 10 1.000000
     6000000  -1.198689   0.140  0.339  0.000   3  8 5.000000
     6100000  -1.219412   0.140  0.339  0.000   2 11 50.000000
     6200000  -1.231253   0.140  0.339  0.000   5  8 3.600000
     6300000  -1.319036   0.140  0.339  0.000   3 11 5.000000
     6400000  -1.127445   0.140  0.339  0.000   3 11 5.000000
     6500000  -1.198851   0.140  0.339  0.000   5  9 3.600000
     6600000  -1.209450   0.140  0.339  0.000   5 10 3.600000
     6700000  -1.116103   0.140  0.339  0.000   5  9 3.600000
     6800000  -1.138507   0.140  0.339  0.000   3 11 5.000000
     6900000  -1.230149   0.139  0.338  0.000   5 10 3.600000
     7000000  -1.293693   0.139  0.338  0.000   5 10 3.600000
     7100000  -1.296884   0.139  0.338  0.000   4 11 1.000000
     7200000  -1.137704   0.139  0.338  0.000   3 10 5.000000
     7300000  -1.165632   0.139  0.338  0.000   2 11 50.000000
     7400000  -1.185881   0.139  0.338  0.000   2 11 50.000000
     7500000  -1.223553   0.139  0.338  0.000   2 11 50.000000
     7600000  -1.164473   0.139  0.338  0.000   5 10 3.600000
     7700000  -1.261535   0.140  0.338  0.000   5 10 3.600000
     7800000  -1.176774   0.140  0.338  0.000   4 10 1.000000
     7900000  -1.195934   0.139  0.338  0.000   2 11 50.000000
     8000000  -1.109879   0.140  0.338  0.000   2 11 50.000000
     8100000  -1.225018   0.140  0.338  0.000   3 11 5.000000
     8200000  -1.142499   0.140  0.338  0.000   4 10 1.000000
     8300000  -1.225248   0.140  0.338  0.000   6  8 20.200000
     8400000  -1.335222   0.139  0.338  0.000   6  9 20.200000
     8500000  -1.201891   0.139  0.338  0.000   7  7 106.200000
     8600000  -1.256251   0.139  0.338  0.000   7  8 106.200000
     8700000  -1.255056   0.139  0.337  0.000   7  8 106.200000
     8800000  -1.296884   0.138  0.337  0.000   7  8 106.200000
     8900000  -1.210984   0.138  0.337  0.000   7  8 106.200000
     9000000  -1.187926   0.138  0.337  0.000   8  7 168.300000
     9100000  -1.192184   0.138  0.337  0.000   7  7 106.200000
     9200000  -1.209683   0.137  0.337  0.000   7  7 106.200000
     9300000  -1.242411   0.137  0.337  0.000   8  6 168.300000
     9400000  -1.251868   0.137  0.336  0.000   9  5 137.800000
     9500000  -1.243663   0.137  0.336  0.000   9  5 137.800000
     9600000  -1.208116   0.136  0.336  0.000  10  5 191.100000
     9700000  -1.180780   0.136  0.336  0.000  10  4 191.100000
     9800000  -1.238687   0.136  0.336  0.000  10  5 191.100000
     9900000  -1.174790   0.136  0.335  0.000  10  4 191.100000
    10000000  -1.322717   0.136  0.335  0.000   9  5 137.800000
    10100000  -1.166808   0.135  0.335  0.000   9  5 137.800000
    10200000  -1.314535   0.135  0.335  0.000  10  5 191.100000
    10300000  -1.332390   0.135  0.335  0.000  11  4 248.100000
    10400000  -1.241978   0.135  0.335  0.000  11  4 248.100000
    10500000  -1.225811   0.135  0.334  0.000  11  4 248.100000
    10600000  -1.215269   0.135  0.334  0.000  11  4 248.100000
    10700000  -1.226352   0.135  0.334  0.000  11  3 248.100000
    10800000  -1.200014   0.134  0.334  0.000  11  4 248.100000
    10900000  -1.239991   0.134  0.334  0.000  11  4 248.100000
    11000000  -1.249792   0.134  0.334  0.000  11  4 248.100000
    11100000  -1.272737   0.134  0.334  0.000  10  4 191.100000
    11200000  -1.284068   0.134  0.333  0.000  11  3 248.100000
    11300000  -1.267329   0.134  0.333  0.000  10  5 191.100000
    11400000  -1.264767   0.133  0.333  0.000   9  5 137.800000
    11500000  -1.251653   0.133  0.333  0.000  10  4 191.100000
    11600000  -1.243622   0.133  0.333  0.000  10  5 191.100000
    11700000  -1.215572   0.133  0.333  0.000   8  5 168.300000
    11800000  -1.185640   0.133  0.332  0.000   9  5 137.800000
    11900000  -1.194348   0.133  0.332  0.000   8  5 168.300000
    12000000  -1.149577   0.133  0.332  0.000   8  5 168.300000
    12100000  -1.254027   0.133  0.332  0.000   9  5 137.800000
    12200000  -1.230736   0.133  0.332  0.000  10  5 191.100000
    12300000  -1.175034   0.132  0.332  0.000   9  5 137.800000
    12400000  -1.203513   0.132  0.332  0.000  10  5 191.100000
    12500000  -1.220964   0.132  0.332  0.000   9  5 137.800000
    12600000  -1.367597   0.132  0.332  0.000  10  4 191.100000
    12700000  -1.300954   0.132  0.332  0.000  10  5 191.100000
    12800000  -1.282866   0.132  0.331  0.000  10  5 191.100000
    12900000  -1.230891   0.132  0.331  0.000  10  4 191.100000
    13000000  -1.280696   0.132  0.331  0.000  10  5 191.100000
    13100000  -1.284224   0.131  0.331  0.000  10  4 191.100000
    13200000  -1.207253   0.131  0.331  0.000   9  4 137.800000
    13300000  -1.342217   0.131  0.331  0.000  10  5 191.100000
    13400000  -1.197029   0.131  0.331  0.000   8  6 168.300000
    13500000  -1.351384   0.131  0.330  0.000   8  6 168.300000
    13600000  -1.244513   0.131  0.330  0.000   8  6 168.300000
    13700000  -1.249169   0.130  0.330  0.000   9  6 137.800000
    13800000  -1.152918   0.130  0.330  0.000   9  6 137.800000
    13900000  -1.239378   0.130  0.330  0.000   9  5 137.800000
    14000000  -1.195888   0.130  0.330  0.000   9  6 137.800000
    14100000  -1.160708   0.130  0.330  0.000   9  5 137.800000
    14200000  -1.212315   0.130  0.330  0.000   9  6 137.800000
    14300000  -1.116879   0.130  0.330  0.000   9  4 137.800000
    14400000  -1.328986   0.129  0.330  0.000  10  5 191.100000
    14500000  -1.246403   0.129  0.329  0.000  10  4 191.100000
    14600000  -1.155576   0.129  0.330  0.000   9  5 137.800000
    14700000  -1.201274   0.129  0.329  0.000  10  4 191.100000
    14800000  -1.245889   0.129  0.329  0.000   8  6 168.300000
    14900000  -1.283890   0.129  0.329  0.000   8  6 168.300000
    15000000  -1.237780   0.129  0.329  0.000  10  5 191.100000
    15100000  -1.312242   0.129  0.329  0.000  10  5 191.100000
    15200000  -1.171816   0.129  0.329  0.000  10  4 191.100000
    15300000  -1.151511   0.129  0.329  0.000   9  4 137.800000
    15400000  -1.271994   0.129  0.329  0.000  10  4 191.100000
    15500000  -1.239887   0.129  0.329  0.000  11  4 248.100000
    15600000  -1.203419   0.129  0.329  0.000  10  4 191.100000
    15700000  -1.217713   0.128  0.329  0.000  10  3 191.100000
    15800000  -1.249488   0.128  0.329  0.000  11  4 248.100000
    15900000  -1.269593   0.128  0.329  0.000  11  4 248.100000
    16000000  -1.278761   0.128  0.329  0.000  11  4 248.100000
    16100000  -1.254629   0.128  0.328  0.000  11  4 248.100000
    16200000  -1.308100   0.128  0.328  0.000  11  4 248.100000
    16300000  -1.274654   0.128  0.328  0.000  11  4 248.100000
    16400000  -1.269584   0.128  0.328  0.000  11  4 248.100000
    16500000  -1.265304   0.128  0.328  0.000  10  4 191.100000
    16600000  -1.284613   0.128  0.328  0.000  11  4 248.100000
    16700000  -1.112419   0.128  0.328  0.000  10  4 191.100000
    16800000  -1.277050   0.128  0.328  0.000  11  4 248.100000
    16900000  -1.148773   0.128  0.328  0.000  10  4 191.100000
    17000000  -1.318035   0.128  0.328  0.000  11  4 248.100000
    17100000  -1.233412   0.128  0.328  0.000  11  4 248.100000
    17200000  -1.288576   0.128  0.328  0.000  10  4 191.100000
    17300000  -1.293358   0.128  0.328  0.000  10  4 191.100000
    17400000  -1.245865   0.127  0.327  0.000  11  4 248.100000
    17500000  -1.240698   0.127  0.327  0.000  11  4 248.100000
    17600000  -1.162802   0.127  0.327  0.000  11  2 248.100000
    17700000  -1.287339   0.127  0.327  0.000  11  4 248.100000
    17800000  -1.274693   0.127  0.327  0.000  11  4 248.100000
    17900000  -1.217849   0.127  0.327  0.000  10  4 191.100000
    18000000  -1.227085   0.127  0.327  0.000  11  4 248.100000
    18100000  -1.234493   0.127  0.327  0.000  10  4 191.100000
    18200000  -1.252253   0.127  0.327  0.000  10  4 191.100000
    18300000  -1.213185   0.127  0.327  0.000  10  4 191.100000
    18400000  -1.212537   0.127  0.327  0.000  11  4 248.100000
    18500000  -1.324351   0.127  0.326  0.000  11  4 248.100000
    18600000  -1.305150   0.126  0.326  0.000  11  4 248.100000
    18700000  -1.212799   0.126  0.326  0.000  11  4 248.100000
    18800000  -1.286675   0.126  0.326  0.000  11  4 248.100000
    18900000  -1.307812   0.126  0.326  0.000  11  4 248.100000
    19000000  -1.266379   0.126  0.326  0.000  10  4 191.100000
    19100000  -1.175469   0.126  0.326  0.000  10  4 191.100000
    19200000  -1.281462   0.126  0.326  0.000  11  4 248.100000
    19300000  -1.187690   0.126  0.326  0.000  10  4 191.100000
    19400000  -1.177582   0.126  0.326  0.000  11  4 248.100000
    19500000  -1.231212   0.126  0.326  0.000  11  4 248.100000
    19600000  -1.234560   0.126  0.326  0.000  10  5 191.100000
    19700000  -1.211024   0.126  0.326  0.000  10  5 191.100000
    19800000  -1.198090   0.126  0.326  0.000  10  4 191.100000
    19900000  -1.236775   0.126  0.326  0.000  10  4 191.100000
    20000000  -1.209305   0.126  0.326  0.000   9  6 137.800000
    20100000  -1.185848   0.126  0.325  0.000   9  6 137.800000
    20200000  -1.239832   0.126  0.325  0.000   9  6 137.800000
    20300000  -1.238735   0.126  0.325  0.000  10  5 191.100000
    20400000  -1.252728   0.126  0.325  0.000  10  5 191.100000
    20500000  -1.220883   0.126  0.325  0.000   9  5 137.800000
    20600000  -1.160068   0.126  0.325  0.000   8  5 168.300000
    20700000  -1.133055   0.126  0.325  0.000   8  5 168.300000
    20800000  -1.196291   0.125  0.325  0.000   9  6 137.800000
    20900000  -1.273661   0.125  0.325  0.000   9  6 137.800000
    21000000  -1.223942   0.125  0.325  0.000   8  6 168.300000
    21100000  -1.308845   0.125  0.325  0.000   9  6 137.800000
    21200000  -1.268534   0.125  0.325  0.000   9  6 137.800000
    21300000  -1.182987   0.125  0.325  0.000   8  5 168.300000
    21400000  -1.306954   0.125  0.325  0.000   9  6 137.800000
    21500000  -1.147512   0.125  0.325  0.000  10  5 191.100000
    21600000  -1.326878   0.125  0.325  0.000  10  4 191.100000
    21700000  -1.303278   0.125  0.325  0.000   9  5 137.800000
    21800000  -1.299775   0.125  0.325  0.000   9  6 137.800000
    21900000  -1.324464   0.125  0.325  0.000   9  5 137.800000
    22000000  -1.264994   0.125  0.325  0.000   9  6 137.800000
    22100000  -1.228441   0.125  0.325  0.000   9  6 137.800000
    22200000  -1.206664   0.124  0.325  0.000   9  6 137.800000
    22300000  -1.241592   0.124  0.325  0.000   9  6 137.800000
    22400000  -1.274595   0.124  0.325  0.000   8  6 168.300000
    22500000  -1.280783   0.124  0.324  0.000   9  5 137.800000
    22600000  -1.281282   0.124  0.324  0.000   9  6 137.800000
    22700000  -1.270066   0.124  0.324  0.000   9  4 137.800000
    22800000  -1.242141   0.124  0.324  0.000   9  5 137.800000
    22900000  -1.168928   0.124  0.324  0.000   8  6 168.300000
    23000000  -1.209966   0.124  0.324  0.000   9  6 137.800000
    23100000  -1.206576   0.124  0.324  0.000   8  6 168.300000
    23200000  -1.184389   0.124  0.324  0.000   9  5 137.800000
    23300000  -1.208467   0.124  0.324  0.000   7  6 106.200000
    23400000  -1.312572   0.124  0.324  0.000   9  6 137.800000
    23500000  -1.278421   0.124  0.324  0.000   9  6 137.800000
    23600000  -1.293357   0.124  0.324  0.000   9  6 137.800000
    23700000  -1.309496   0.124  0.324  0.000   9  5 137.800000
    23800000  -1.170381   0.124  0.324  0.000  10  5 191.100000
    23900000  -1.140310   0.123  0.324  0.000  10  4 191.100000
    24000000  -1.236143   0.123  0.324  0.000  10  5 191.100000
    24100000  -1.243154   0.124  0.324  0.000   9  4 137.800000
    24200000  -1.234113   0.123  0.324  0.000  10  5 191.100000
    24300000  -1.284245   0.123  0.324  0.000  10  5 191.100000
    24400000  -1.147364   0.123  0.324  0.000   9  5 137.800000
    24500000  -1.257781   0.123  0.324  0.000  11  4 248.100000
    24600000  -1.246663   0.123  0.324  0.000  11  3 248.100000
    24700000  -1.253058   0.123  0.324  0.000  11  4 248.100000
    24800000  -1.330148   0.123  0.324  0.000  11  4 248.100000
    24900000  -1.298738   0.123  0.324  0.000  11  4 248.100000
    25000000  -1.244087   0.123  0.324  0.000  11  4 248.100000
    25100000  -1.273481   0.123  0.324  0.000  11  4 248.100000
    25200000  -1.256110   0.123  0.324  0.000   9  4 137.800000
    25300000  -1.293205   0.123  0.324  0.000  10  4 191.100000
    25400000  -1.313949   0.123  0.324  0.000  11  4 248.100000
    25500000  -1.126732   0.123  0.324  0.000  10  4 191.100000
    25600000  -1.260460   0.123  0.323  0.000  11  4 248.100000
    25700000  -1.290761   0.123  0.323  0.000  10  4 191.100000
    25800000  -1.149834   0.123  0.323  0.000  10  3 191.100000
    25900000  -1.214666   0.123  0.323  0.000  12  3 166.400000
    26000000  -1.237856   0.123  0.323  0.000  11  3 248.100000
    26100000  -1.290810   0.123  0.323  0.000  12  3 166.400000
    26200000  -1.137821   0.123  0.323  0.000  11  3 248.100000
    26300000  -1.205778   0.123  0.323  0.000  12  3 166.400000
    26400000  -1.265654   0.123  0.323  0.000  12  2 166.400000
    26500000  -1.092360   0.122  0.323  0.000  10  2 191.100000
    26600000  -1.241441   0.122  0.323  0.000  12  3 166.400000
    26700000  -1.250945   0.122  0.323  0.000  12  3 166.400000
    26800000  -1.262651   0.122  0.323  0.000  10  3 191.100000
    26900000  -1.395659   0.122  0.323  0.000  11  4 248.100000
    27000000  -1.228231   0.122  0.323  0.000   8  5 168.300000
    27100000  -1.256355   0.122  0.323  0.000  10  5 191.100000
    27200000  -1.289494   0.122  0.323  0.000  10  5 191.100000
    27300000  -1.201558   0.122  0.323  0.000   9  5 137.800000
    27400000  -1.299682   0.122  0.323  0.000  11  4 248.100000
    27500000  -1.188087   0.122  0.323  0.000  10  4 191.100000
    27600000  -1.210640   0.122  0.323  0.000  11  4 248.100000
    27700000  -1.258784   0.122  0.323  0.000  11  4 248.100000
    27800000  -1.157241   0.122  0.323  0.000  11  3 248.100000
    27900000  -1.311545   0.122  0.323  0.000  11  4 248.100000
    28000000  -1.231290   0.122  0.323  0.000  11  4 248.100000
    28100000  -1.164298   0.122  0.323  0.000  10  4 191.100000
    28200000  -1.199891   0.122  0.323  0.000  10  5 191.100000
    28300000  -1.253694   0.122  0.322  0.000   9  5 137.800000
    28400000  -1.294327   0.122  0.322  0.000  10  5 191.100000
    28500000  -1.211971   0.122  0.322  0.000   8  5 168.300000
    28600000  -1.277141   0.122  0.322  0.000  10  5 191.100000
    28700000  -1.163733   0.122  0.322  0.000   9  5 137.800000
    28800000  -1.157441   0.122  0.322  0.000  10  5 191.100000
    28900000  -1.265071   0.122  0.322  0.000  10  5 191.100000
    29000000  -1.178186   0.122  0.322  0.000   9  5 137.800000
    29100000  -1.237999   0.122  0.322  0.000   9  5 137.800000
    29200000  -1.290961   0.122  0.322  0.000   9  5 137.800000
    29300000  -1.210304   0.122  0.322  0.000   9  5 137.800000
    29400000  -1.267787   0.122  0.322  0.000  10  5 191.100000
    29500000  -1.175132   0.122  0.322  0.000   9  6 137.800000
    29600000  -1.296410   0.122  0.322  0.000  10  5 191.100000
    29700000  -1.203353   0.122  0.322  0.000  10  5 191.100000
    29800000  -1.209463   0.122  0.322  0.000   9  5 137.800000
    29900000  -1.259782   0.122  0.322  0.000  10  5 191.100000
    30000000  -1.253659   0.122  0.322  0.000  10  3 191.100000
    30100000  -1.251261   0.122  0.322  0.000  10  5 191.100000
    30200000  -1.236949   0.122  0.322  0.000   9  4 137.800000
    30300000  -1.252417   0.122  0.322  0.000   9  5 137.800000
    30400000  -1.281049   0.122  0.322  0.000  10  5 191.100000
    30500000  -1.199552   0.122  0.322  0.000  10  4 191.100000
    30600000  -1.167752   0.122  0.322  0.000  10  4 191.100000
    30700000  -1.344093   0.122  0.322  0.000   9  5 137.800000
    30800000  -1.134718   0.122  0.322  0.000   9  4 137.800000
    30900000  -1.175371   0.122  0.322  0.000   8  5 168.300000
    31000000  -1.249859   0.122  0.322  0.000  10  5 191.100000
    31100000  -1.256902   0.122  0.322  0.000  10  5 191.100000
    31200000  -1.226807   0.122  0.322  0.000  10  5 191.100000
    31300000  -1.225337   0.122  0.322  0.000  10  5 191.100000
    31400000  -1.201472   0.122  0.322  0.000  10  5 191.100000
    31500000  -1.285838   0.122  0.322  0.000   9  5 137.800000
    31600000  -1.254666   0.122  0.322  0.000  10  5 191.100000
    31700000  -1.223018   0.122  0.322  0.000   9  5 137.800000
    31800000  -1.185033   0.122  0.322  0.000   9  5 137.800000
    31900000  -1.173226   0.122  0.322  0.000  11  4 248.100000
    32000000  -1.246126   0.122  0.322  0.000  10  4 191.100000
    32100000  -1.315288   0.122  0.322  0.000  11  4 248.100000
    32200000  -1.273879   0.122  0.322  0.000  11  4 248.100000
    32300000  -1.240814   0.122  0.322  0.000  10  4 191.100000
    32400000  -1.281787   0.122  0.322  0.000  11  4 248.100000
    32500000  -1.183604   0.122  0.322  0.000  11  4 248.100000
    32600000  -1.324845   0.122  0.322  0.000  11  3 248.100000
    32700000  -1.175714   0.122  0.322  0.000  11  3 248.100000
    32800000  -1.246782   0.122  0.322  0.000  11  3 248.100000
    32900000  -1.305046   0.122  0.322  0.000  12  3 166.400000
    33000000  -1.226694   0.122  0.322  0.000  11  3 248.100000
    33100000  -1.232915   0.122  0.322  0.000  11  3 248.100000
    33200000  -1.200044   0.122  0.322  0.000  12  3 166.400000
    33300000  -1.210407   0.122  0.322  0.000   9  4 137.800000
    33400000  -1.237196   0.122  0.322  0.000  10  4 191.100000
    33500000  -1.209283   0.122  0.322  0.000  10  4 191.100000
    33600000  -1.208991   0.122  0.322  0.000  10  4 191.100000
    33700000  -1.289936   0.122  0.322  0.000  11  4 248.100000
    33800000  -1.128648   0.122  0.322  0.000  10  3 191.100000
    33900000  -1.300494   0.122  0.322  0.000  11  2 248.100000
    34000000  -1.250578   0.121  0.322  0.000  10  4 191.100000
    34100000  -1.109438   0.121  0.322  0.000   9  4 137.800000
    34200000  -1.220611   0.122  0.322  0.000  10  5 191.100000
    34300000  -1.324833   0.122  0.322  0.000  10  5 191.100000
    34400000  -1.190694   0.122  0.322  0.000   9  5 137.800000
    34500000  -1.214246   0.121  0.322  0.000  10  5 191.100000
    34600000  -1.210675   0.121  0.322  0.000   9  5 137.800000
    34700000  -1.225442   0.121  0.322  0.000  10  5 191.100000
    34800000  -1.250943   0.121  0.322  0.000  10  5 191.100000
    34900000  -1.248247   0.121  0.322  0.000  10  5 191.100000
    35000000  -1.216681   0.121  0.322  0.000   9  5 137.800000
    35100000  -1.213606   0.121  0.322  0.000  10  5 191.100000
    35200000  -1.192798   0.121  0.322  0.000  10  5 191.100000
    35300000  -1.241070   0.122  0.322  0.000  10  4 191.100000
    35400000  -1.157624   0.121  0.322  0.000  10  4 191.100000
    35500000  -1.270757   0.121  0.322  0.000  10  5 191.100000
    35600000  -1.188657   0.121  0.322  0.000   9  4 137.800000
    35700000  -1.272918   0.121  0.322  0.000  10  5 191.100000
    35800000  -1.205089   0.121  0.322  0.000   9  4 137.800000
    35900000  -1.206621   0.121  0.322  0.000   9  5 137.800000
    36000000  -1.177440   0.121  0.322  0.000   9  5 137.800000
    36100000  -1.205455   0.121  0.322  0.000  10  5 191.100000
    36200000  -1.315143   0.121  0.322  0.000   9  5 137.800000
    36300000  -1.200582   0.121  0.322  0.000  10  4 191.100000
    36400000  -1.218251   0.121  0.322  0.000   9  6 137.800000
    36500000  -1.203814   0.121  0.322  0.000   9  6 137.800000
    36600000  -1.341903   0.121  0.322  0.000   9  6 137.800000
    36700000  -1.355563   0.121  0.321  0.000   9  5 137.800000
    36800000  -1.247746   0.121  0.321  0.000   8  6 168.300000
    36900000  -1.202618   0.121  0.321  0.000   8  6 168.300000
    37000000  -1.161561   0.121  0.321  0.000   8  5 168.300000
    37100000  -1.319046   0.121  0.321  0.000   9  6 137.800000
    37200000  -1.326038   0.121  0.321  0.000   8  6 168.300000
    37300000  -1.194116   0.121  0.321  0.000   8  6 168.300000
    37400000  -1.273310   0.121  0.321  0.000   9  6 137.800000
    37500000  -1.260516   0.121  0.321  0.000   8  4 168.300000
    37600000  -1.180042   0.121  0.321  0.000   8  4 168.300000
    37700000  -1.249787   0.121  0.321  0.000   9  5 137.800000
    37800000  -1.305058   0.121  0.321  0.000   9  5 137.800000
    37900000  -1.129432   0.121  0.321  0.000   8  4 168.300000
    38000000  -1.202002   0.121  0.321  0.000   9  5 137.800000
    38100000  -1.272587   0.121  0.321  0.000  10  5 191.100000
    38200000  -1.271776   0.121  0.321  0.000  10  5 191.100000
    38300000  -1.150085   0.121  0.321  0.000  10  5 191.100000
    38400000  -1.224272   0.121  0.321  0.000  10  4 191.100000
    38500000  -1.192861   0.121  0.321  0.000   9  5 137.800000
    38600000  -1.287321   0.121  0.321  0.000   9  5 137.800000
    38700000  -1.323860   0.121  0.321  0.000  11  4 248.100000
    38800000  -1.203444   0.121  0.321  0.000  11  4 248.100000
    38900000  -1.208384   0.121  0.321  0.000  10  4 191.100000
    39000000  -1.199698   0.121  0.321  0.000  11  4 248.100000
    39100000  -1.257850   0.121  0.321  0.000  11  3 248.100000
    39200000  -1.277886   0.121  0.321  0.000  10  5 191.100000
    39300000  -1.287278   0.121  0.321  0.000  10  4 191.100000
    39400000  -1.176872   0.121  0.321  0.000  10  5 191.100000
    39500000  -1.182846   0.121  0.321  0.000   9  4 137.800000
    39600000  -1.315230   0.121  0.321  0.000  10  5 191.100000
    39700000  -1.212249   0.121  0.321  0.000   9  5 137.800000
    39800000  -1.150644   0.121  0.321  0.000  10  4 191.100000
    39900000  -1.271998   0.121  0.321  0.000  10  4 191.100000
    40000000  -1.348445   0.121  0.321  0.000  10  5 191.100000
    40100000  -1.196907   0.121  0.321  0.000   9  5 137.800000
    40200000  -1.213118   0.121  0.321  0.000  10  3 191.100000
    40300000  -1.254769   0.121  0.321  0.000  10  4 191.100000
    40400000  -1.265368   0.121  0.321  0.000  11  4 248.100000
    40500000  -1.125499   0.121  0.321  0.000  10  4 191.100000
    40600000  -1.168837   0.121  0.321  0.000   9  4 137.800000
    40700000  -1.228191   0.121  0.321  0.000   9  6 137.800000
    40800000  -1.223022   0.121  0.321  0.000   9  6 137.800000
    40900000  -1.245681   0.121  0.321  0.000   9  6 137.800000
    41000000  -1.256839   0.120  0.321  0.000   9  6 137.800000
    41100000  -1.205949   0.120  0.321  0.000   8  6 168.300000
    41200000  -1.227581   0.120  0.321  0.000   9  4 137.800000
    41300000  -1.190054   0.120  0.321  0.000   9  4 137.800000
    41400000  -1.084606   0.120  0.321  0.000   8  4 168.300000
    41500000  -1.274414   0.120  0.321  0.000  10  5 191.100000
    41600000  -1.245303   0.120  0.321  0.000  11  4 248.100000
    41700000  -1.252790   0.120  0.321  0.000  11  4 248.100000
    41800000  -1.197831   0.120  0.321  0.000  10  4 191.100000
    41900000  -1.337156   0.120  0.321  0.000   8  6 168.300000
    42000000  -1.287323   0.120  0.321  0.000   9  6 137.800000
    42100000  -1.131944   0.120  0.321  0.000  10  3 191.100000
    42200000  -1.302910   0.120  0.321  0.000   9  4 137.800000
    42300000  -1.216632   0.120  0.321  0.000   7  7 106.200000
    42400000  -1.255278   0.120  0.321  0.000   5 10 3.600000
    42500000  -1.210544   0.121  0.321  0.000   2 11 50.000000
    42600000  -1.192060   0.121  0.321  0.000   2 11 50.000000
    42700000  -1.241565   0.121  0.321  0.000   5  7 3.600000
    42800000  -1.168903   0.121  0.321  0.000   3  9 5.000000
    42900000  -1.208192   0.121  0.321  0.000   3 11 5.000000
    43000000  -1.161162   0.121  0.321  0.000   2 10 50.000000
    43100000  -1.232262   0.121  0.321  0.000   2 11 50.000000
    43200000  -1.305907   0.121  0.321  0.000   5  9 3.600000
    43300000  -1.193583   0.121  0.321  0.000   4 10 1.000000
    43400000  -1.210122   0.121  0.321  0.000   2 10 50.000000
    43500000  -1.222360   0.121  0.321  0.000   6  8 20.200000
    43600000  -1.280464   0.121  0.321  0.000   5 10 3.600000
    43700000  -1.224897   0.121  0.321  0.000   3  9 5.000000
    43800000  -1.228887   0.121  0.321  0.000   2 11 50.000000
    43900000  -1.191893   0.121  0.321  0.000   5 10 3.600000
    44000000  -1.263293   0.121  0.322  0.000   3 10 5.000000
    44100000  -1.200492   0.121  0.322  0.000   3 11 5.000000
    44200000  -1.106211   0.121  0.322  0.000   1 10 250.000000
    44300000  -1.264216   0.121  0.322  0.000   5 10 3.600000
    44400000  -1.165676   0.121  0.322  0.000   4 10 1.000000
    44500000  -1.229447   0.121  0.322  0.000   3 11 5.000000
    44600000  -1.166317   0.121  0.322  0.000   6  7 20.200000
    44700000  -1.230887   0.121  0.322  0.000   3 11 5.000000
    44800000  -1.173875   0.121  0.322  0.000   1 11 250.000000
    44900000  -1.209134   0.121  0.322  0.000   2 11 50.000000
    45000000  -1.235252   0.121  0.322  0.000   3 10 5.000000
    45100000  -1.290103   0.121  0.322  0.000   2 11 50.000000
    45200000  -1.153302   0.122  0.322  0.000   4 11 1.000000
    45300000  -1.130332   0.122  0.322  0.000   3 11 5.000000
    45400000  -1.275836   0.122  0.322  0.000   4 10 1.000000
    45500000  -1.203898   0.122  0.322  0.000   2 11 50.000000
    45600000  -1.232845   0.122  0.322  0.000   3  8 5.000000
    45700000  -1.241590   0.122  0.322  0.000   2 11 50.000000
    45800000  -1.275903   0.122  0.322  0.000   5 10 3.600000
    45900000  -1.104222   0.122  0.322  0.000   1  9 250.000000
    46000000  -1.089458   0.122  0.322  0.000   2  9 50.000000
    46100000  -1.259564   0.122  0.322  0.000   5  8 3.600000
    46200000  -1.137941   0.122  0.322  0.000   3 10 5.000000
    46300000  -1.250440   0.122  0.322  0.000   5 10 3.600000
    46400000  -1.149594   0.122  0.322  0.000   1 11 250.000000
    46500000  -1.296589   0.122  0.322  0.000   3 10 5.000000
    46600000  -1.143385   0.122  0.322  0.000   3 11 5.000000
    46700000  -1.119086   0.122  0.322  0.000   1 10 250.000000
    46800000  -1.130055   0.122  0.323  0.000   3 10 5.000000
    46900000  -1.146233   0.122  0.323  0.000   2 11 50.000000
    47000000  -1.173983   0.122  0.323  0.000   1 11 250.000000
    47100000  -1.193409   0.122  0.323  0.000   2 10 50.000000
    47200000  -1.076046   0.122  0.323  0.000   2 10 50.000000
    47300000  -1.174443   0.122  0.323  0.000   2 11 50.000000
    47400000  -1.232067   0.122  0.323  0.000   5 10 3.600000
    47500000  -1.209616   0.122  0.323  0.000   5  7 3.600000
    47600000  -1.049863   0.123  0.323  0.000   1 10 250.000000
    47700000  -1.189161   0.123  0.323  0.000   5 10 3.600000
    47800000  -1.138462   0.123  0.323  0.000   2 10 50.000000
    47900000  -1.177540   0.123  0.323  0.000   1 10 250.000000
    48000000  -1.197944   0.123  0.323  0.000   2 10 50.000000
    48100000  -1.169810   0.123  0.323  0.000   3  9 5.000000
    48200000  -1.142569   0.123  0.323  0.000   1 10 250.000000
    48300000  -1.149314   0.123  0.323  0.000   2 11 50.000000
    48400000  -1.170939   0.123  0.323  0.000   2 11 50.000000
    48500000  -1.168541   0.123  0.323  0.000   1 11 250.000000
    48600000  -1.176899   0.123  0.323  0.000   5 10 3.600000
    48700000  -1.262505   0.123  0.323  0.000   7  8 106.200000
    48800000  -1.224729   0.123  0.323  0.000   7  8 106.200000
    48900000  -1.283087   0.123  0.323  0.000   7  8 106.200000
    49000000  -1.244230   0.123  0.323  0.000   6  8 20.200000
    49100000  -1.210439   0.123  0.323  0.000   7  7 106.200000
    49200000  -1.204957   0.123  0.323  0.000   6  9 20.200000
    49300000  -1.208857   0.123  0.323  0.000   5 10 3.600000
    49400000  -1.128438   0.123  0.323  0.000   3 11 5.000000
    49500000  -1.204424   0.123  0.323  0.000   6  7 20.200000
    49600000  -1.087132   0.123  0.323  0.000   1 11 250.000000
    49700000  -1.160216   0.123  0.323  0.000   2 11 50.000000
    49800000  -1.246901   0.123  0.324  0.000   5  8 3.600000
    49900000  -1.187031   0.123  0.324  0.000   3 11 5.000000
    50000000  -0.999652   0.123  0.324  0.000   1 10 250.000000
    50100000  -1.290270   0.123  0.324  0.000   4 11 1.000000
    50200000  -1.297755   0.123  0.324  0.000   5  9 3.600000
    50300000  -1.219673   0.123  0.324  0.000   2 11 50.000000
    50400000  -1.178630   0.123  0.324  0.000   3 11 5.000000
    50500000  -1.197898   0.123  0.324  0.000   1 10 250.000000
    50600000  -1.105203   0.123  0.324  0.000   2 11 50.000000
    50700000  -1.168283   0.123  0.324  0.000   2 11 50.000000
    50800000  -1.189261   0.123  0.324  0.000   2 11 50.000000
    50900000  -1.233243   0.123  0.324  0.000   4 10 1.000000
    51000000  -1.254145   0.123  0.324  0.000   6  8 20.200000
    51100000  -1.160827   0.123  0.324  0.000   5  8 3.600000
    51200000  -1.218134   0.123  0.324  0.000   7  8 106.200000
    51300000  -1.305500   0.123  0.324  0.000   8  7 168.300000
    51400000  -1.249734   0.123  0.324  0.000   8  7 168.300000
    51500000  -1.128433   0.123  0.324  0.000   8  6 168.300000
    51600000  -1.263162   0.123  0.324  0.000   7  7 106.200000
    51700000  -1.228597   0.123  0.324  0.000   7  7 106.200000
    51800000  -1.172568   0.123  0.324  0.000   7  7 106.200000
    51900000  -1.232308   0.123  0.324  0.000   8  7 168.300000
    52000000  -1.304021   0.123  0.324  0.000   8  7 168.300000
    52100000  -1.315497   0.123  0.324  0.000   8  7 168.300000
    52200000  -1.299478   0.123  0.324  0.000   8  7 168.300000
    52300000  -1.295212   0.123  0.324  0.000   8  7 168.300000
    52400000  -1.119243   0.123  0.324  0.000   8  7 168.300000
    52500000  -1.204366   0.123  0.324  0.000   7  7 106.200000
    52600000  -1.263219   0.123  0.324  0.000  10  5 191.100000
    52700000  -1.276027   0.123  0.324  0.000  10  5 191.100000
    52800000  -1.263408   0.123  0.324  0.000  10  5 191.100000
    52900000  -1.243582   0.123  0.324  0.000  11  4 248.100000
    53000000  -1.203648   0.123  0.324  0.000  10  4 191.100000
    53100000  -1.304781   0.123  0.324  0.000  10  5 191.100000
    53200000  -1.086207   0.123  0.324  0.000   8  3 168.300000
    53300000  -1.290445   0.123  0.324  0.000  10  5 191.100000
    53400000  -1.287696   0.123  0.324  0.000  10  5 191.100000
    53500000  -1.294088   0.123  0.324  0.000  10  5 191.100000
    53600000  -1.248821   0.123  0.324  0.000  10  4 191.100000
    53700000  -1.089033   0.123  0.324  0.000   8  4 168.300000
    53800000  -1.168761   0.123  0.324  0.000   9  5 137.800000
    53900000  -1.160420   0.123  0.324  0.000   9  5 137.800000
    54000000  -1.217326   0.123  0.324  0.000   9  5 137.800000
    54100000  -1.378384   0.123  0.324  0.000   9  5 137.800000
    54200000  -1.228868   0.123  0.324  0.000  10  4 191.100000
    54300000  -1.208183   0.123  0.324  0.000  10  4 191.100000
    54400000  -1.233108   0.123  0.324  0.000  10  4 191.100000
    54500000  -1.286812   0.123  0.324  0.000  10  4 191.100000
    54600000  -1.282599   0.123  0.324  0.000   9  5 137.800000
    54700000  -1.208023   0.123  0.324  0.000  10  5 191.100000
    54800000  -1.309011   0.123  0.324  0.000   9  5 137.800000
    54900000  -1.205668   0.123  0.324  0.000  10  5 191.100000
    55000000  -1.230951   0.123  0.324  0.000  10  5 191.100000
    55100000  -1.207895   0.123  0.324  0.000  10  4 191.100000
    55200000  -1.266669   0.123  0.324  0.000  10  4 191.100000
    55300000  -1.295267   0.123  0.324  0.000  10  5 191.100000
    55400000  -1.322856   0.123  0.324  0.000  10  4 191.100000
    55500000  -1.301275   0.123  0.323  0.000  10  5 191.100000
    55600000  -1.206789   0.123  0.323  0.000   9  4 137.800000
    55700000  -1.317563   0.123  0.323  0.000  10  5 191.100000
    55800000  -1.233694   0.123  0.323  0.000  10  5 191.100000
    55900000  -1.243784   0.123  0.323  0.000  10  5 191.100000
    56000000  -1.175973   0.123  0.323  0.000   9  4 137.800000
    56100000  -1.272483   0.123  0.323  0.000  11  4 248.100000
    56200000  -1.296318   0.123  0.323  0.000  11  4 248.100000
    56300000  -1.155112   0.123  0.323  0.000  10  4 191.100000
    56400000  -1.258535   0.123  0.323  0.000  11  4 248.100000
    56500000  -1.232689   0.123  0.323  0.000  10  4 191.100000
    56600000  -1.197515   0.123  0.323  0.000  10  5 191.100000
    56700000  -1.246818   0.123  0.323  0.000   9  6 137.800000
    56800000  -1.228848   0.123  0.323  0.000   9  6 137.800000
    56900000  -1.185903   0.123  0.323  0.000   8  5 168.300000
    57000000  -1.189432   0.123  0.323  0.000   8  6 168.300000
    57100000  -1.286528   0.123  0.323  0.000   8  5 168.300000
    57200000  -1.174985   0.123  0.323  0.000  10  5 191.100000
    57300000  -1.235111   0.123  0.323  0.000  10  4 191.100000
    57400000  -1.154632   0.123  0.323  0.000   9  4 137.800000
    57500000  -1.258479   0.123  0.323  0.000  10  5 191.100000
    57600000  -1.306189   0.123  0.323  0.000  10  4 191.100000
    57700000  -1.247468   0.123  0.323  0.000  10  5 191.100000
    57800000  -1.221218   0.123  0.323  0.000  10  5 191.100000
    57900000  -1.315614   0.123  0.323  0.000   9  5 137.800000
    58000000  -1.239312   0.123  0.323  0.000  10  3 191.100000
    58100000  -1.219917   0.123  0.323  0.000  10  3 191.100000
    58200000  -1.288865   0.123  0.323  0.000  11  3 248.100000
    58300000  -1.226744   0.123  0.323  0.000  10  4 191.100000
    58400000  -1.180905   0.123  0.323  0.000  10  4 191.100000
    58500000  -1.238409   0.123  0.323  0.000  11  4 248.100000
    58600000  -1.269877   0.123  0.323  0.000  11  4 248.100000
    58700000  -1.294487   0.123  0.323  0.000  10  4 191.100000
    58800000  -1.207758   0.123  0.323  0.000  10  4 191.100000
    58900000  -1.352001   0.123  0.323  0.000  11  4 248.100000
    59000000  -1.255787   0.123  0.323  0.000  11  3 248.100000
    59100000  -1.244005   0.123  0.323  0.000  10  4 191.100000
    59200000  -1.252509   0.123  0.323  0.000  10  4 191.100000
    59300000  -1.232038   0.123  0.323  0.000  11  4 248.100000
    59400000  -1.330105   0.123  0.323  0.000  11  4 248.100000
    59500000  -1.279995   0.122  0.323  0.000  11  4 248.100000
    59600000  -1.282631   0.122  0.323  0.000  11  4 248.100000
    59700000  -1.283677   0.122  0.323  0.000  11  4 248.100000
    59800000  -1.295089   0.122  0.323  0.000  11  4 248.100000
    59900000  -1.267265   0.122  0.323  0.000  10  4 191.100000
    60000000  -1.240731   0.122  0.323  0.000  11  4 248.100000
    60100000  -1.277615   0.122  0.323  0.000  11  4 248.100000
    60200000  -1.209809   0.122  0.323  0.000  11  4 248.100000
    60300000  -1.238091   0.122  0.323  0.000  11  4 248.100000
    60400000  -1.275440   0.122  0.323  0.000  10  4 191.100000
    60500000  -1.211161   0.122  0.323  0.000  10  4 191.100000
    60600000  -1.209151   0.122  0.323  0.000  10  3 191.100000
    60700000  -1.268630   0.122  0.323  0.000  11  4 248.100000
    60800000  -1.345020   0.122  0.323  0.000  11  4 248.100000
    60900000  -1.172910   0.122  0.323  0.000  11  4 248.100000
    61000000  -1.287218   0.122  0.323  0.000  10  4 191.100000
    61100000  -1.337053   0.122  0.323  0.000  11  4 248.100000
    61200000  -1.317334   0.122  0.323  0.000  11  4 248.100000
    61300000  -1.240223   0.122  0.323  0.000  11  4 248.100000
    61400000  -1.253605   0.122  0.323  0.000  11  4 248.100000
    61500000  -1.295999   0.122  0.323  0.000  11  3 248.100000
    61600000  -1.240741   0.122  0.323  0.000  11  4 248.100000
    61700000  -1.274085   0.122  0.323  0.000  11  4 248.100000
    61800000  -1.169397   0.122  0.323  0.000   7  6 106.200000
    61900000  -1.241120   0.122  0.323  0.000   8  6 168.300000
    62000000  -1.229639   0.122  0.323  0.000   9  6 137.800000
    62100000  -1.270273   0.122  0.323  0.000   8  5 168.300000
    62200000  -1.257130   0.122  0.323  0.000   8  6 168.300000
    62300000  -1.230911   0.122  0.323  0.000   9  6 137.800000
    62400000  -1.267271   0.122  0.323  0.000  10  5 191.100000
    62500000  -1.146600   0.122  0.323  0.000  10  4 191.100000
    62600000  -1.283368   0.122  0.323  0.000   9  5 137.800000
    62700000  -1.321651   0.122  0.323  0.000  10  5 191.100000
    62800000  -1.265612   0.122  0.323  0.000  10  4 191.100000
    62900000  -1.196144   0.122  0.323  0.000  11  4 248.100000
    63000000  -1.205510   0.122  0.323  0.000   8  4 168.300000
    63100000  -1.226327   0.122  0.323  0.000  11  4 248.100000
    63200000  -1.295491   0.122  0.322  0.000  11  4 248.100000
    63300000  -1.337064   0.122  0.322  0.000  10  5 191.100000
    63400000  -1.252592   0.122  0.322  0.000  10  5 191.100000
    63500000  -1.272392   0.122  0.322  0.000  10  5 191.100000
    63600000  -1.178039   0.122  0.322  0.000   9  5 137.800000
    63700000  -1.234640   0.122  0.322  0.000  10  5 191.100000
    63800000  -1.317827   0.122  0.322  0.000  10  4 191.100000
    63900000  -1.131165   0.122  0.322  0.000   9  4 137.800000
    64000000  -1.222214   0.122  0.322  0.000  10  3 191.100000
    64100000  -1.298001   0.122  0.322  0.000   9  5 137.800000
    64200000  -1.191128   0.122  0.322  0.000  10  5 191.100000
    64300000  -1.251316   0.122  0.322  0.000   8  5 168.300000
    64400000  -1.233168   0.122  0.322  0.000  10  4 191.100000
    64500000  -1.254180   0.122  0.322  0.000  10  5 191.100000
    64600000  -1.205797   0.122  0.322  0.000   9  5 137.800000
    64700000  -1.262257   0.122  0.322  0.000  10  5 191.100000
    64800000  -1.231195   0.122  0.322  0.000  10  4 191.100000
    64900000  -1.286601   0.122  0.322  0.000  10  5 191.100000
    65000000  -1.165128   0.122  0.322  0.000   9  5 137.800000
    65100000  -1.168680   0.122  0.322  0.000   7  5 106.200000
    65200000  -1.218432   0.122  0.322  0.000  10  4 191.100000
    65300000  -1.073513   0.122  0.322  0.000   9  5 137.800000
    65400000  -1.251846   0.122  0.322  0.000   9  5 137.800000
    65500000  -1.290115   0.122  0.322  0.000  10  5 191.100000
    65600000  -1.299082   0.122  0.322  0.000  10  5 191.100000
    65700000  -1.250512   0.122  0.322  0.000  10  4 191.100000
    65800000  -1.196446   0.122  0.322  0.000  10  4 191.100000
    65900000  -1.215741   0.122  0.322  0.000  10  4 191.100000
    66000000  -1.187858   0.122  0.322  0.000  10  5 191.100000
    66100000  -1.320633   0.122  0.322  0.000   9  5 137.800000
    66200000  -1.234978   0.122  0.322  0.000  10  5 191.100000
    66300000  -1.232332   0.122  0.322  0.000   9  5 137.800000
    66400000  -1.278656   0.122  0.322  0.000  10  4 191.100000
    66500000  -1.185395   0.122  0.322  0.000  10  4 191.100000
    66600000  -1.223996   0.122  0.322  0.000  10  5 191.100000
    66700000  -1.142756   0.122  0.322  0.000  10  4 191.100000
    66800000  -1.249023   0.122  0.322  0.000  10  5 191.100000
    66900000  -1.224122   0.122  0.322  0.000   9  3 137.800000
    67000000  -1.124834   0.122  0.322  0.000   9  4 137.800000
    67100000  -1.203204   0.122  0.322  0.000  11  4 248.100000
    67200000  -1.123284   0.122  0.322  0.000  11  3 248.100000
    67300000  -1.271371   0.122  0.322  0.000  10  4 191.100000
    67400000  -1.223106   0.122  0.322  0.000  10  4 191.100000
    67500000  -1.304598   0.122  0.322  0.000  10  4 191.100000
    67600000  -1.247784   0.122  0.322  0.000   9  6 137.800000
    67700000  -1.309961   0.122  0.322  0.000   9  6 137.800000
    67800000  -1.264845   0.122  0.322  0.000  10  5 191.100000
    67900000  -1.231288   0.122  0.322  0.000  10  5 191.100000
    68000000  -1.163153   0.122  0.322  0.000  10  4 191.100000
    68100000  -1.258072   0.122  0.322  0.000  11  4 248.100000
    68200000  -1.194010   0.122  0.322  0.000  11  4 248.100000
    68300000  -1.227865   0.122  0.322  0.000  10  4 191.100000
    68400000  -1.179723   0.122  0.322  0.000  11  3 248.100000
    68500000  -1.203465   0.122  0.322  0.000  12  2 166.400000
    68600000  -1.212444   0.122  0.322  0.000  13  1 68.500000
    68700000  -1.244517   0.122  0.322  0.000  12  2 166.400000
    68800000  -1.256692   0.122  0.322  0.000  13  1 68.500000
    68900000  -1.196683   0.122  0.322  0.000  11  2 248.100000
    69000000  -1.231968   0.122  0.322  0.000  14  1 26.400000
    69100000  -1.269355   0.121  0.322  0.000  13  1 68.500000
    69200000  -1.369132   0.121  0.322  0.000  14  1 26.400000
    69300000  -1.174226   0.121  0.322  0.000  13  1 68.500000
    69400000  -1.192273   0.121  0.322  0.000  13  1 68.500000
    69500000  -1.209973   0.121  0.322  0.000  13  1 68.500000
    69600000  -1.286015   0.121  0.322  0.000  13  1 68.500000
    69700000  -1.288129   0.121  0.322  0.000  14  1 26.400000
    69800000  -1.272013   0.121  0.322  0.000  14  1 26.400000
    69900000  -1.281958   0.121  0.322  0.000  13  1 68.500000
    70000000  -1.240443   0.121  0.322  0.000  14  1 26.400000
    70100000  -1.196733   0.121  0.322  0.000  13  1 68.500000
    70200000  -1.227417   0.121  0.322  0.000  13  1 68.500000
    70300000  -1.157817   0.121  0.322  0.000  13  1 68.500000
    70400000  -1.141136   0.121  0.322  0.000  13  1 68.500000
    70500000  -1.264689   0.121  0.322  0.000  14  1 26.400000
    70600000  -1.135230   0.121  0.322  0.000  13  1 68.500000
    70700000  -1.321700   0.121  0.322  0.000  14  1 26.400000
    70800000  -1.233882   0.121  0.322  0.000  13  1 68.500000
    70900000  -1.249821   0.121  0.322  0.000  13  1 68.500000
    71000000  -1.212275   0.121  0.322  0.000  13  1 68.500000
    71100000  -1.334228   0.121  0.322  0.000  14  1 26.400000
    71200000  -1.194249   0.121  0.322  0.000  13  1 68.500000
    71300000  -1.296703   0.121  0.322  0.000  13  1 68.500000
    71400000  -1.242238   0.121  0.322  0.000  13  1 68.500000
    71500000  -1.273907   0.121  0.322  0.000  14  1 26.400000
    71600000  -1.216986   0.121  0.322  0.000  14  1 26.400000
    71700000  -1.068080   0.121  0.322  0.000  12  1 166.400000
    71800000  -1.301752   0.121  0.322  0.000  14  1 26.400000
    71900000  -1.210645   0.121  0.322  0.000  13  1 68.500000
    72000000  -1.341793   0.121  0.322  0.000  14  1 26.400000
    72100000  -1.241811   0.121  0.322  0.000  13  1 68.500000
    72200000  -1.245239   0.121  0.322  0.000  13  1 68.500000
    72300000  -1.293291   0.121  0.322  0.000  13  1 68.500000
    72400000  -1.198960   0.121  0.322  0.000  13  1 68.500000
    72500000  -1.278206   0.121  0.322  0.000  13  1 68.500000
    72600000  -1.213951   0.121  0.322  0.000  12  1 166.400000
    72700000  -1.196090   0.121  0.322  0.000  14  1 26.400000
    72800000  -1.166243   0.121  0.322  0.000  13  1 68.500000
    72900000  -1.235270   0.121  0.322  0.000  13  1 68.500000
    73000000  -1.228148   0.121  0.322  0.000  13  1 68.500000
    73100000  -1.182911   0.121  0.322  0.000  13  2 68.500000
    73200000  -1.249736   0.121  0.322  0.000  12  2 166.400000
    73300000  -1.244602   0.121  0.321  0.000  11  2 248.100000
    73400000  -1.303836   0.121  0.321  0.000  12  3 166.400000
    73500000  -1.258681   0.121  0.321  0.000  12  3 166.400000
    73600000  -1.197035   0.121  0.321  0.000  11  3 248.100000
    73700000  -1.219009   0.121  0.321  0.000  12  3 166.400000
    73800000  -1.279154   0.121  0.321  0.000  12  3 166.400000
    73900000  -1.152482   0.121  0.321  0.000  11  3 248.100000
    74000000  -1.269421   0.121  0.321  0.000  12  3 166.400000
    74100000  -1.303306   0.121  0.321  0.000  12  3 166.400000
    74200000  -1.299923   0.121  0.321  0.000  12  3 166.400000
    74300000  -1.328020   0.121  0.321  0.000  12  3 166.400000
    74400000  -1.257863   0.121  0.321  0.000  11  3 248.100000
    74500000  -1.193874   0.121  0.321  0.000  11  2 248.100000
    74600000  -1.286344   0.121  0.321  0.000  12  3 166.400000
    74700000  -1.212198   0.121  0.321  0.000  12  3 166.400000
    74800000  -1.266620   0.121  0.321  0.000  10  3 191.100000
    74900000  -1.166538   0.121  0.321  0.000  12  3 166.400000
    75000000  -1.251248   0.121  0.321  0.000  12  3 166.400000
    75100000  -1.254201   0.121  0.321  0.000  12  2 166.400000
    75200000  -1.187524   0.121  0.321  0.000  12  3 166.400000
    75300000  -1.285198   0.121  0.321  0.000  11  3 248.100000
    75400000  -1.205244   0.121  0.321  0.000  12  2 166.400000
    75500000  -1.218884   0.121  0.321  0.000   9  3 137.800000
    75600000  -1.204963   0.121  0.321  0.000  11  2 248.100000
    75700000  -1.172178   0.121  0.321  0.000  11  3 248.100000
    75800000  -1.318605   0.121  0.321  0.000  12  2 166.400000
    75900000  -1.196526   0.121  0.321  0.000  10  3 191.100000
    76000000  -1.295955   0.121  0.321  0.000  12  3 166.400000
    76100000  -1.168513   0.121  0.321  0.000  11  3 248.100000
    76200000  -1.254016   0.121  0.321  0.000  11  3 248.100000
    76300000  -1.272056   0.121  0.321  0.000  12  3 166.400000
    76400000  -1.199733   0.121  0.321  0.000  11  3 248.100000
    76500000  -1.339666   0.121  0.321  0.000  12  3 166.400000
    76600000  -1.188033   0.121  0.321  0.000  12  2 166.400000
    76700000  -1.206635   0.121  0.321  0.000  12  3 166.400000
    76800000  -1.333252   0.121  0.321  0.000  12  2 166.400000
    76900000  -1.249209   0.121  0.321  0.000  12  2 166.400000
    77000000  -1.205303   0.121  0.321  0.000  11  2 248.100000
    77100000  -1.226321   0.121  0.321  0.000  11  3 248.100000
    77200000  -1.310938   0.120  0.321  0.000  11  3 248.100000
    77300000  -1.248872   0.120  0.321  0.000  12  3 166.400000
    77400000  -1.221442   0.120  0.321  0.000  12  3 166.400000
    77500000  -1.284388   0.120  0.321  0.000  11  3 248.100000
    77600000  -1.262812   0.120  0.321  0.000  12  3 166.400000
    77700000  -1.237801   0.120  0.321  0.000  12  2 166.400000
    77800000  -1.342900   0.120  0.321  0.000  11  3 248.100000
    77900000  -1.272363   0.120  0.321  0.000  11  3 248.100000
    78000000  -1.324040   0.120  0.321  0.000  12  3 166.400000
    78100000  -1.194985   0.120  0.321  0.000  12  1 166.400000
    78200000  -1.270070   0.120  0.321  0.000  11  2 248.100000
    78300000  -1.230374   0.120  0.321  0.000  12  1 166.400000
    78400000  -1.335319   0.120  0.321  0.000  13  2 68.500000
    78500000  -1.195084   0.120  0.321  0.000  12  2 166.400000
    78600000  -1.304644   0.120  0.321  0.000  12  2 166.400000
    78700000  -1.254971   0.120  0.321  0.000  13  1 68.500000
    78800000  -1.289054   0.120  0.321  0.000  13  2 68.500000
    78900000  -1.257263   0.120  0.321  0.000  13  2 68.500000
    79000000  -1.229815   0.120  0.321  0.000  12  1 166.400000
    79100000  -1.224976   0.120  0.321  0.000  13  1 68.500000
    79200000  -1.308824   0.120  0.321  0.000  13  1 68.500000
    79300000  -1.186261   0.120  0.321  0.000  12  1 166.400000
    79400000  -1.227385   0.120  0.321  0.000  10  2 191.100000
    79500000  -1.148075   0.120  0.321  0.000  12  2 166.400000
    79600000  -1.179343   0.120  0.321  0.000  12  2 166.400000
    79700000  -1.292720   0.120  0.321  0.000  13  2 68.500000
    79800000  -1.194235   0.120  0.321  0.000  12  1 166.400000
    79900000  -1.218509   0.120  0.321  0.000  13  1 68.500000
    80000000  -1.244753   0.120  0.321  0.000  13  1 68.500000
    80100000  -1.229383   0.120  0.321  0.000  14  1 26.400000
    80200000  -1.231070   0.120  0.321  0.000  13  1 68.500000
    80300000  -1.144993   0.120  0.320  0.000  12  1 166.400000
    80400000  -1.253432   0.120  0.320  0.000  12  1 166.400000
    80500000  -1.241868   0.120  0.320  0.000  11  1 248.100000
    80600000  -1.205430   0.120  0.320  0.000  11  1 248.100000
    80700000  -1.300907   0.120  0.320  0.000  12  1 166.400000
    80800000  -1.129197   0.120  0.320  0.000  12  1 166.400000
    80900000  -1.307152   0.120  0.320  0.000  14  1 26.400000
    81000000  -1.310101   0.120  0.320  0.000  14  1 26.400000
    81100000  -1.204708   0.120  0.320  0.000  14  1 26.400000
    81200000  -1.237763   0.120  0.320  0.000  14  1 26.400000
    81300000  -1.156491   0.120  0.320  0.000  13  1 68.500000
    81400000  -1.189228   0.120  0.320  0.000  13  1 68.500000
    81500000  -1.290388   0.120  0.320  0.000  14  1 26.400000
    81600000  -1.153261   0.120  0.320  0.000  14  1 26.400000
    81700000  -1.177909   0.120  0.320  0.000  13  1 68.500000
    81800000  -1.145833   0.120  0.320  0.000  13  1 68.500000
    81900000  -1.257634   0.120  0.320  0.000  14  1 26.400000
    82000000  -1.263488   0.120  0.320  0.000  14  1 26.400000
    82100000  -1.266297   0.120  0.320  0.000  14  1 26.400000
    82200000  -1.274118   0.120  0.320  0.000  12  1 166.400000
    82300000  -1.252006   0.120  0.320  0.000  14  1 26.400000
    82400000  -1.326399   0.120  0.320  0.000  14  1 26.400000
    82500000  -1.185919   0.120  0.320  0.000  13  1 68.500000
    82600000  -1.236058   0.120  0.320  0.000  14  1 26.400000
    82700000  -1.237497   0.120  0.320  0.000  13  1 68.500000
    82800000  -1.255233   0.120  0.320  0.000  14  1 26.400000
    82900000  -1.234524   0.120  0.320  0.000  13  1 68.500000
    83000000  -1.257721   0.120  0.320  0.000  14  1 26.400000
    83100000  -1.196716   0.120  0.320  0.000  14  1 26.400000
    83200000  -1.315995   0.120  0.320  0.000  14  1 26.400000
    83300000  -1.280502   0.120  0.320  0.000  13  1 68.500000
    83400000  -1.315216   0.120  0.320  0.000  14  1 26.400000
    83500000  -1.232799   0.120  0.320  0.000  13  1 68.500000
    83600000  -1.282393   0.120  0.320  0.000  14  1 26.400000
    83700000  -1.201363   0.120  0.320  0.000  14  1 26.400000
    83800000  -1.228150   0.120  0.320  0.000  12  1 166.400000
    83900000  -1.283607   0.120  0.320  0.000  13  1 68.500000
    84000000  -1.281312   0.120  0.320  0.000  13  1 68.500000
    84100000  -1.258633   0.120  0.320  0.000  14  1 26.400000
    84200000  -1.265053   0.120  0.320  0.000  13  1 68.500000
    84300000  -1.181850   0.120  0.320  0.000  12  1 166.400000
    84400000  -1.217513   0.120  0.320  0.000  12  1 166.400000
    84500000  -1.303482   0.120  0.320  0.000  14  1 26.400000
    84600000  -1.204616   0.120  0.320  0.000  13  1 68.500000
    84700000  -1.208714   0.120  0.320  0.000  13  1 68.500000
    84800000  -1.314377   0.120  0.320  0.000  14  1 26.400000
    84900000  -1.230722   0.120  0.320  0.000  13  1 68.500000
    85000000  -1.258438   0.120  0.320  0.000  13  1 68.500000
    85100000  -1.218135   0.120  0.320  0.000  13  1 68.500000
    85200000  -1.248623   0.120  0.320  0.000  13  1 68.500000
    85300000  -1.296914   0.120  0.320  0.000  13  1 68.500000
    85400000  -1.328800   0.120  0.320  0.000  14  1 26.400000
    85500000  -1.224116   0.120  0.320  0.000  14  1 26.400000
    85600000  -1.162195   0.120  0.320  0.000  13  1 68.500000
    85700000  -1.141016   0.120  0.320  0.000  12  1 166.400000
    85800000  -1.226916   0.120  0.320  0.000  13  1 68.500000
    85900000  -1.277156   0.120  0.320  0.000  14  1 26.400000
    86000000  -1.231847   0.120  0.320  0.000  12  1 166.400000
    86100000  -1.168624   0.120  0.320  0.000  14  1 26.400000
    86200000  -1.186124   0.120  0.320  0.000  14  1 26.400000
    86300000  -1.278255   0.120  0.320  0.000  13  1 68.500000
    86400000  -1.214954   0.120  0.320  0.000  13  1 68.500000
    86500000  -1.265129   0.120  0.320  0.000  14  1 26.400000
    86600000  -1.184023   0.120  0.320  0.000  11  1 248.100000
    86700000  -1.227003   0.120  0.320  0.000  12  1 166.400000
    86800000  -1.265713   0.120  0.320  0.000  12  1 166.400000
    86900000  -1.302662   0.120  0.320  0.000  11  1 248.100000
    87000000  -1.222574   0.120  0.320  0.000  12  1 166.400000
    87100000  -1.228890   0.120  0.320  0.000  12  2 166.400000
    87200000  -1.190035   0.120  0.320  0.000  13  1 68.500000
    87300000  -1.366090   0.120  0.320  0.000  14  1 26.400000
    87400000  -1.282515   0.120  0.320  0.000  14  1 26.400000
    87500000  -1.265626   0.120  0.320  0.000  14  1 26.400000
    87600000  -1.247787   0.120  0.320  0.000  13  1 68.500000
    87700000  -1.214190   0.120  0.320  0.000  13  1 68.500000
    87800000  -1.243333   0.120  0.320  0.000  13  1 68.500000
    87900000  -1.203441   0.120  0.320  0.000  13  1 68.500000
    88000000  -1.200093   0.120  0.320  0.000  13  1 68.500000
    88100000  -1.286775   0.120  0.320  0.000  14  1 26.400000
    88200000  -1.232028   0.120  0.320  0.000  13  1 68.500000
    88300000  -1.228314   0.120  0.320  0.000  12  1 166.400000
    88400000  -1.226965   0.120  0.320  0.000  14  1 26.400000
    88500000  -1.210981   0.120  0.320  0.000  14  1 26.400000
    88600000  -1.239674   0.120  0.320  0.000  13  1 68.500000
    88700000  -1.254237   0.120  0.320  0.000  14  1 26.400000
    88800000  -1.253571   0.120  0.320  0.000  12  1 166.400000
    88900000  -1.222766   0.119  0.320  0.000  11  1 248.100000
    89000000  -1.242258   0.119  0.320  0.000  11  1 248.100000
    89100000  -1.263559   0.119  0.320  0.000  12  1 166.400000
    89200000  -1.204910   0.119  0.320  0.000  11  1 248.100000
    89300000  -1.279271   0.119  0.319  0.000  12  1 166.400000
    89400000  -1.267755   0.119  0.319  0.000  12  2 166.400000
    89500000  -1.128648   0.119  0.319  0.000  12  1 166.400000
    89600000  -1.213576   0.119  0.319  0.000  12  2 166.400000
    89700000  -1.251535   0.119  0.319  0.000  13  2 68.500000
    89800000  -1.318978   0.119  0.319  0.000  14  1 26.400000
    89900000  -1.149879   0.119  0.319  0.000  13  1 68.500000
    90000000  -1.306341   0.119  0.319  0.000  14  1 26.400000
    90100000  -1.274237   0.119  0.319  0.000  14  1 26.400000
    90200000  -1.242073   0.119  0.319  0.000  12  1 166.400000
    90300000  -1.283408   0.119  0.319  0.000  14  1 26.400000
    90400000  -1.230898   0.119  0.319  0.000  12  1 166.400000
    90500000  -1.107593   0.119  0.319  0.000  12  1 166.400000
    90600000  -1.267644   0.119  0.319  0.000  13  1 68.500000
    90700000  -1.142660   0.119  0.319  0.000  13  1 68.500000
    90800000  -1.270754   0.119  0.319  0.000  13  2 68.500000
    90900000  -1.301116   0.119  0.319  0.000  12  2 166.400000
    91000000  -1.176464   0.119  0.319  0.000  12  2 166.400000
    91100000  -1.190298   0.119  0.319  0.000  12  2 166.400000
    91200000  -1.253453   0.119  0.319  0.000  13  2 68.500000
    91300000  -1.263890   0.119  0.319  0.000  12  2 166.400000
    91400000  -1.280867   0.119  0.319  0.000  13  2 68.500000
    91500000  -1.287930   0.119  0.319  0.000  13  2 68.500000
    91600000  -1.245789   0.119  0.319  0.000  12  1 166.400000
    91700000  -1.274360   0.119  0.319  0.000  13  2 68.500000
    91800000  -1.208531   0.119  0.319  0.000  13  2 68.500000
    91900000  -1.296139   0.119  0.319  0.000  12  2 166.400000
    92000000  -1.261038   0.119  0.319  0.000  13  2 68.500000
    92100000  -1.233410   0.119  0.319  0.000  12  2 166.400000
    92200000  -1.240888   0.119  0.319  0.000  12  2 166.400000
    92300000  -1.170853   0.119  0.319  0.000  12  2 166.400000
    92400000  -1.167658   0.119  0.319  0.000  12  2 166.400000
    92500000  -1.204835   0.119  0.319  0.000  12  2 166.400000
    92600000  -1.196103   0.119  0.319  0.000  12  2 166.400000
    92700000  -1.258870   0.119  0.319  0.000  13  2 68.500000
    92800000  -1.275929   0.119  0.319  0.000  11  2 248.100000
    92900000  -1.290819   0.119  0.319  0.000  13  2 68.500000
    93000000  -1.202838   0.119  0.319  0.000  13  2 68.500000
    93100000  -1.195093   0.119  0.319  0.000  12  2 166.400000
    93200000  -1.286648   0.119  0.319  0.000  13  2 68.500000
    93300000  -1.248865   0.119  0.319  0.000  13  2 68.500000
    93400000  -1.357121   0.119  0.319  0.000  13  2 68.500000
    93500000  -1.267422   0.119  0.319  0.000  12  2 166.400000
    93600000  -1.293620   0.119  0.319  0.000  11  2 248.100000
    93700000  -1.188382   0.119  0.319  0.000  12  2 166.400000
    93800000  -1.220986   0.119  0.319  0.000  13  2 68.500000
    93900000  -1.261374   0.119  0.319  0.000  12  2 166.400000
    94000000  -1.290382   0.119  0.319  0.000  13  2 68.500000
    94100000  -1.260303   0.119  0.319  0.000  13  2 68.500000
    94200000  -1.201866   0.119  0.319  0.000  11  2 248.100000
    94300000  -1.317994   0.119  0.319  0.000  12  2 166.400000
    94400000  -1.290959   0.119  0.319  0.000  13  2 68.500000
    94500000  -1.262801   0.119  0.319  0.000  13  2 68.500000
    94600000  -1.245904   0.119  0.319  0.000  13  2 68.500000
    94700000  -1.239540   0.119  0.319  0.000  12  2 166.400000
    94800000  -1.129021   0.119  0.319  0.000  13  2 68.500000
    94900000  -1.257521   0.119  0.319  0.000  12  2 166.400000
    95000000  -1.335455   0.119  0.319  0.000  13  1 68.500000
    95100000  -1.090517   0.119  0.319  0.000  12  1 166.400000
    95200000  -1.214044   0.119  0.319  0.000  13  1 68.500000
    95300000  -1.238562   0.119  0.319  0.000  14  1 26.400000
    95400000  -1.286375   0.119  0.319  0.000  14  1 26.400000
    95500000  -1.181343   0.119  0.319  0.000  11  1 248.100000
    95600000  -1.163753   0.119  0.319  0.000  13  1 68.500000
    95700000  -1.273419   0.119  0.319  0.000  13  1 68.500000
    95800000  -1.216273   0.119  0.319  0.000  13  1 68.500000
    95900000  -1.274980   0.119  0.319  0.000  14  1 26.400000
    96000000  -1.235862   0.119  0.319  0.000  13  1 68.500000
    96100000  -1.240613   0.119  0.319  0.000  12  1 166.400000
    96200000  -1.034145   0.119  0.319  0.000  11  1 248.100000
    96300000  -1.180859   0.119  0.319  0.000  12  1 166.400000
    96400000  -1.173660   0.119  0.319  0.000  12  1 166.400000
    96500000  -1.196423   0.119  0.319  0.000  12  1 166.400000
    96600000  -1.280761   0.119  0.319  0.000  13  1 68.500000
    96700000  -1.161443   0.119  0.319  0.000  11  1 248.100000
    96800000  -1.164092   0.119  0.319  0.000  12  1 166.400000
    96900000  -1.205821   0.119  0.319  0.000  13  1 68.500000
    97000000  -1.144307   0.119  0.319  0.000  14  1 26.400000
    97100000  -1.214233   0.119  0.319  0.000  13  1 68.500000
    97200000  -1.251255   0.119  0.319  0.000  14  1 26.400000
    97300000  -1.196851   0.119  0.319  0.000  14  1 26.400000
    97400000  -1.297746   0.119  0.319  0.000  14  1 26.400000
    97500000  -1.106295   0.119  0.319  0.000  12  1 166.400000
    97600000  -1.207197   0.119  0.319  0.000  13  1 68.500000
    97700000  -1.243642   0.119  0.319  0.000  13  1 68.500000
    97800000  -1.227767   0.119  0.319  0.000  13  1 68.500000
    97900000  -1.202571   0.119  0.319  0.000  14  1 26.400000
    98000000  -1.184558   0.119  0.319  0.000  13  1 68.500000
    98100000  -1.238868   0.119  0.319  0.000  13  1 68.500000
    98200000  -1.254300   0.119  0.319  0.000  14  1 26.400000
    98300000  -1.285818   0.119  0.319  0.000  14  1 26.400000
    98400000  -1.204141   0.119  0.319  0.000  13  1 68.500000
    98500000  -1.159133   0.119  0.319  0.000  12  1 166.400000
    98600000  -1.262303   0.119  0.319  0.000  11  1 248.100000
    98700000  -1.293811   0.119  0.319  0.000  14  1 26.400000
    98800000  -1.282277   0.119  0.319  0.000  13  1 68.500000
    98900000  -1.267369   0.119  0.319  0.000  14  1 26.400000
    99000000  -1.220081   0.119  0.319  0.000  13  1 68.500000
    99100000  -1.132652   0.119  0.319  0.000  11  1 248.100000
    99200000  -1.238205   0.119  0.319  0.000  13  1 68.500000
    99300000  -1.126963   0.119  0.319  0.000  13  1 68.500000
    99400000  -1.140853   0.119  0.319  0.000  13  1 68.500000
    99500000  -1.207505   0.119  0.319  0.000  13  1 68.500000
    99600000  -1.253322   0.119  0.319  0.000  14  1 26.400000
    99700000  -1.265939   0.119  0.319  0.000  14  1 26.400000
    99800000  -1.216901   0.119  0.319  0.000  12  2 166.400000
    99900000  -1.148534   0.119  0.319  0.000  12  1 166.400000
   100000000  -1.237720   0.119  0.319  0.000  13  2 68.500000
   100100000  -1.195620   0.119  0.319  0.000  13  2 68.500000
   100200000  -1.246297   0.119  0.319  0.000  13  2 68.500000
   100300000  -1.248295   0.119  0.319  0.000  12  2 166.400000
   100400000  -1.240937   0.119  0.319  0.000  13  2 68.500000
   100500000  -1.225854   0.119  0.319  0.000  12  2 166.400000
   100600000  -1.240029   0.119  0.319  0.000  12  2 166.400000
   100700000  -1.229459   0.119  0.319  0.000  12  2 166.400000
   100800000  -1.249848   0.119  0.319  0.000  11  2 248.100000
   100900000  -1.208126   0.119  0.319  0.000  12  2 166.400000
   101000000  -1.268033   0.119  0.319  0.000  13  2 68.500000
   101100000  -1.293166   0.119  0.319  0.000  12  2 166.400000
   101200000  -1.224022   0.119  0.318  0.000  12  2 166.400000
   101300000  -1.277547   0.119  0.318  0.000  13  2 68.500000
   101400000  -1.298475   0.119  0.318  0.000  13  2 68.500000
   101500000  -1.229251   0.119  0.318  0.000  13  2 68.500000
   101600000  -1.234651   0.119  0.318  0.000  12  2 166.400000
   101700000  -1.275196   0.119  0.318  0.000  12  2 166.400000
   101800000  -1.317391   0.119  0.318  0.000  13  2 68.500000
   101900000  -1.236389   0.119  0.318  0.000  13  2 68.500000
   102000000  -1.248149   0.119  0.318  0.000  13  2 68.500000
   102100000  -1.159703   0.119  0.318  0.000  12  2 166.400000
   102200000  -1.284332   0.119  0.318  0.000  13  2 68.500000
   102300000  -1.230122   0.119  0.318  0.000  13  2 68.500000
   102400000  -1.261361   0.119  0.318  0.000  13  2 68.500000
   102500000  -1.240542   0.119  0.318  0.000  14  1 26.400000
   102600000  -1.276961   0.119  0.318  0.000  13  1 68.500000
   102700000  -1.266423   0.119  0.318  0.000  13  1 68.500000
   102800000  -1.249102   0.119  0.318  0.000  13  1 68.500000
   102900000  -1.266194   0.119  0.318  0.000  13  1 68.500000
   103000000  -1.228921   0.119  0.318  0.000  14  1 26.400000
   103100000  -1.303871   0.119  0.318  0.000  14  1 26.400000
   103200000  -1.275541   0.119  0.318  0.000  14  1 26.400000
   103300000  -1.261691   0.119  0.318  0.000  13  1 68.500000
   103400000  -1.199162   0.119  0.318  0.000  13  1 68.500000
   103500000  -1.223390   0.119  0.318  0.000  13  1 68.500000
   103600000  -1.246862   0.119  0.318  0.000  14  1 26.400000
   103700000  -1.216207   0.119  0.318  0.000  14  1 26.400000
   103800000  -1.238878   0.119  0.318  0.000  13  1 68.500000
   103900000  -1.093038   0.119  0.318  0.000  12  1 166.400000
   104000000  -1.255559   0.119  0.318  0.000  14  1 26.400000
   104100000  -1.240648   0.119  0.318  0.000  14  1 26.400000
   104200000  -1.186229   0.119  0.318  0.000  14  1 26.400000
   104300000  -1.312563   0.119  0.318  0.000  14  1 26.400000
   104400000  -1.253885   0.119  0.318  0.000  13  1 68.500000
   104500000  -1.181045   0.119  0.318  0.000  13  1 68.500000
   104600000  -1.289573   0.119  0.318  0.000  14  1 26.400000
   104700000  -1.224191   0.119  0.318  0.000  14  1 26.400000
   104800000  -1.237426   0.119  0.318  0.000  13  1 68.500000
   104900000  -1.183103   0.119  0.318  0.000  12  1 166.400000
   105000000  -1.289017   0.119  0.318  0.000  14  1 26.400000
   105100000  -1.250800   0.119  0.318  0.000  13  1 68.500000
   105200000  -1.153662   0.119  0.318  0.000  12  1 166.400000
   105300000  -1.256025   0.119  0.318  0.000  13  1 68.500000
   105400000  -1.280422   0.119  0.318  0.000  14  1 26.400000
   105500000  -1.150763   0.119  0.318  0.000  13  1 68.500000
   105600000  -1.252086   0.119  0.318  0.000  13  1 68.500000
   105700000  -1.206247   0.119  0.318  0.000  12  1 166.400000
   105800000  -1.269772   0.119  0.318  0.000  13  1 68.500000
   105900000  -1.181787   0.119  0.318  0.000  13  1 68.500000
   106000000  -1.191357   0.119  0.318  0.000  12  1 166.400000
   106100000  -1.194711   0.119  0.318  0.000  14  1 26.400000
   106200000  -1.178834   0.119  0.318  0.000  14  1 26.400000
   106300000  -1.332920   0.119  0.318  0.000  13  2 68.500000
   106400000  -1.244150   0.119  0.318  0.000  13  1 68.500000
   106500000  -1.197625   0.119  0.318  0.000  12  2 166.400000
   106600000  -1.116656   0.119  0.318  0.000  12  2 166.400000
   106700000  -1.337593   0.119  0.318  0.000  13  2 68.500000
   106800000  -1.288664   0.119  0.318  0.000  13  2 68.500000
   106900000  -1.272594   0.119  0.318  0.000  13  2 68.500000
   107000000  -1.294432   0.119  0.318  0.000  13  2 68.500000
   107100000  -1.270964   0.119  0.318  0.000  13  1 68.500000
   107200000  -1.292582   0.119  0.318  0.000  13  2 68.500000
   107300000  -1.206913   0.119  0.318  0.000  12  1 166.400000
   107400000  -1.262196   0.118  0.318  0.000  12  2 166.400000
   107500000  -1.291913   0.118  0.318  0.000  12  2 166.400000
   107600000  -1.273677   0.118  0.318  0.000  12  2 166.400000
   107700000  -1.268508   0.118  0.318  0.000  13  2 68.500000
   107800000  -1.276385   0.118  0.318  0.000  12  2 166.400000
   107900000  -1.254774   0.118  0.318  0.000  13  2 68.500000
   108000000  -1.252301   0.118  0.318  0.000  13  2 68.500000
   108100000  -1.280009   0.118  0.318  0.000  12  2 166.400000
   108200000  -1.269527   0.118  0.318  0.000  13  1 68.500000
   108300000  -1.311957   0.118  0.318  0.000  12  2 166.400000
   108400000  -1.279316   0.118  0.318  0.000  13  1 68.500000
   108500000  -1.130007   0.118  0.318  0.000  12  1 166.400000
   108600000  -1.248653   0.118  0.318  0.000  12  1 166.400000
   108700000  -1.341129   0.118  0.318  0.000  13  1 68.500000
   108800000  -1.223493   0.118  0.318  0.000  12  2 166.400000
   108900000  -1.281239   0.118  0.318  0.000  13  2 68.500000
   109000000  -1.288491   0.118  0.318  0.000  12  2 166.400000
   109100000  -1.332252   0.118  0.318  0.000  13  2 68.500000
   109200000  -1.291695   0.118  0.318  0.000  13  2 68.500000
   109300000  -1.307775   0.118  0.318  0.000  10  2 191.100000
   109400000  -1.225777   0.118  0.318  0.000  12  2 166.400000
   109500000  -1.286604   0.118  0.318  0.000  13  2 68.500000
   109600000  -1.273452   0.118  0.318  0.000  13  2 68.500000
   109700000  -1.275354   0.118  0.318  0.000  13  2 68.500000
   109800000  -1.193578   0.118  0.318  0.000  12  2 166.400000
   109900000  -1.154491   0.118  0.318  0.000  13  2 68.500000
   110000000  -1.210995   0.118  0.318  0.000  11  1 248.100000
   110100000  -1.225926   0.118  0.318  0.000  11  2 248.100000
   110200000  -1.234077   0.118  0.318  0.000  13  1 68.500000
   110300000  -1.250568   0.118  0.318  0.000  14  1 26.400000
   110400000  -1.184398   0.118  0.318  0.000  12  1 166.400000
   110500000  -1.283014   0.118  0.318  0.000  14  1 26.400000
   110600000  -1.200282   0.118  0.318  0.000  13  1 68.500000
   110700000  -1.248498   0.118  0.318  0.000  12  1 166.400000
   110800000  -1.205880   0.118  0.318  0.000  12  1 166.400000
   110900000  -1.325027   0.118  0.318  0.000  12  1 166.400000
   111000000  -1.210223   0.118  0.318  0.000  11  1 248.100000
   111100000  -1.162543   0.118  0.318  0.000  11  1 248.100000
   111200000  -1.251703   0.118  0.318  0.000  12  1 166.400000
   111300000  -1.198096   0.118  0.318  0.000  11  1 248.100000
   111400000  -1.262445   0.118  0.318  0.000  12  1 166.400000
   111500000  -1.204170   0.118  0.318  0.000  11  1 248.100000
   111600000  -1.258356   0.118  0.318  0.000  12  1 166.400000
   111700000  -1.287984   0.118  0.318  0.000  11  1 248.100000
   111800000  -1.224082   0.118  0.318  0.000  11  1 248.100000
   111900000  -1.230919   0.118  0.318  0.000  11  1 248.100000
   112000000  -1.290452   0.118  0.318  0.000  12  1 166.400000
   112100000  -1.081271   0.118  0.318  0.000  12  1 166.400000
   112200000  -1.263095   0.118  0.318  0.000  12  1 166.400000
   112300000  -1.195246   0.118  0.318  0.000  12  1 166.400000
   112400000  -1.255208   0.118  0.318  0.000  11  1 248.100000
   112500000  -1.186457   0.118  0.318  0.000  12  1 166.400000
   112600000  -1.217903   0.118  0.318  0.000  12  1 166.400000
   112700000  -1.235909   0.118  0.318  0.000  12  1 166.400000
   112800000  -1.206150   0.118  0.318  0.000  12  1 166.400000
   112900000  -1.324389   0.118  0.318  0.000  13  2 68.500000
   113000000  -1.239789   0.118  0.317  0.000  12  1 166.400000
   113100000  -1.217894   0.118  0.317  0.000  12  2 166.400000
   113200000  -1.235551   0.118  0.317  0.000  11  1 248.100000
   113300000  -1.289945   0.118  0.317  0.000  13  2 68.500000
   113400000  -1.270648   0.118  0.317  0.000  13  2 68.500000
   113500000  -1.246882   0.118  0.317  0.000  13  2 68.500000
   113600000  -1.303776   0.118  0.317  0.000  13  2 68.500000
   113700000  -1.270878   0.118  0.317  0.000  12  2 166.400000
   113800000  -1.275259   0.118  0.317  0.000  13  2 68.500000
   113900000  -1.315882   0.118  0.317  0.000  13  2 68.500000
   114000000  -1.241269   0.118  0.317  0.000  12  2 166.400000
   114100000  -1.155022   0.118  0.317  0.000  12  2 166.400000
   114200000  -1.291936   0.118  0.317  0.000  14  1 26.400000
   114300000  -1.249140   0.118  0.317  0.000  13  1 68.500000
   114400000  -1.211418   0.118  0.317  0.000  12  1 166.400000
   114500000  -1.199297   0.118  0.317  0.000  13  1 68.500000
   114600000  -1.238765   0.118  0.317  0.000  13  1 68.500000
   114700000  -1.306164   0.118  0.317  0.000  14  1 26.400000
   114800000  -1.232519   0.118  0.317  0.000  13  1 68.500000
   114900000  -1.198034   0.118  0.317  0.000  13  1 68.500000
   115000000  -1.246946   0.118  0.317  0.000  13  1 68.500000
   115100000  -1.321994   0.118  0.317  0.000  14  1 26.400000
   115200000  -1.238867   0.118  0.317  0.000  13  1 68.500000
   115300000  -1.292873   0.118  0.317  0.000  13  1 68.500000
   115400000  -1.218444   0.118  0.317  0.000  12  1 166.400000
   115500000  -1.248549   0.118  0.317  0.000  13  1 68.500000
   115600000  -1.335971   0.118  0.317  0.000  14  1 26.400000
   115700000  -1.224512   0.118  0.317  0.000  12  1 166.400000
   115800000  -1.168868   0.118  0.317  0.000  12  1 166.400000
   115900000  -1.277033   0.118  0.317  0.000  14  1 26.400000
   116000000  -1.321349   0.118  0.317  0.000  14  1 26.400000
   116100000  -1.260483   0.118  0.317  0.000  13  1 68.500000
   116200000  -1.225379   0.118  0.317  0.000  12  1 166.400000
   116300000  -1.270669   0.118  0.317  0.000  14  1 26.400000
   116400000  -1.327980   0.118  0.317  0.000  13  1 68.500000
   116500000  -1.302762   0.118  0.317  0.000  13  1 68.500000
   116600000  -1.221621   0.118  0.317  0.000  13  1 68.500000
   116700000  -1.309172   0.118  0.317  0.000  14  1 26.400000
   116800000  -1.265329   0.118  0.317  0.000  14  1 26.400000
   116900000  -1.301574   0.118  0.317  0.000  14  1 26.400000
   117000000  -1.291299   0.118  0.317  0.000  12  1 166.400000
   117100000  -1.240527   0.118  0.317  0.000  13  1 68.500000
   117200000  -1.158748   0.118  0.317  0.000  13  1 68.500000
   117300000  -1.142126   0.118  0.317  0.000  13  1 68.500000
   117400000  -1.214169   0.118  0.317  0.000  13  1 68.500000
   117500000  -1.303043   0.118  0.317  0.000  13  1 68.500000
   117600000  -1.244401   0.118  0.317  0.000  13  1 68.500000
   117700000  -1.257524   0.118  0.317  0.000  13  1 68.500000
   117800000  -1.284293   0.118  0.317  0.000  13  1 68.500000
   117900000  -1.049295   0.118  0.317  0.000  11  1 248.100000
   118000000  -1.189775   0.118  0.317  0.000  13  1 68.500000
   118100000  -1.200031   0.118  0.317  0.000  14  1 26.400000
   118200000  -1.264387   0.118  0.317  0.000  14  1 26.400000
   118300000  -1.278495   0.118  0.317  0.000  13  2 68.500000
   118400000  -1.268064   0.118  0.317  0.000  12  1 166.400000
   118500000  -1.286180   0.118  0.317  0.000  14  1 26.400000
   118600000  -1.215548   0.118  0.317  0.000  13  1 68.500000
   118700000  -1.227904   0.118  0.317  0.000  13  1 68.500000
   118800000  -1.196899   0.118  0.317  0.000  14  1 26.400000
   118900000  -1.290842   0.118  0.317  0.000  14  1 26.400000
   119000000  -1.197412   0.118  0.317  0.000  14  1 26.400000
   119100000  -1.181625   0.118  0.317  0.000  14  1 26.400000
   119200000  -1.254609   0.118  0.317  0.000  13  1 68.500000
   119300000  -1.116632   0.118  0.317  0.000  13  1 68.500000
   119400000  -1.187758   0.118  0.317  0.000  13  1 68.500000
   119500000  -1.288224   0.118  0.317  0.000  14  1 26.400000
   119600000  -1.266342   0.118  0.317  0.000  12  2 166.400000
   119700000  -1.236788   0.118  0.317  0.000  14  1 26.400000
   119800000  -1.225288   0.118  0.317  0.000  14  1 26.400000
   119900000  -1.241688   0.118  0.317  0.000  14  1 26.400000
   120000000  -1.163146   0.118  0.317  0.000  12  1 166.400000
   120100000  -1.254487   0.118  0.317  0.000  13  1 68.500000
   120200000  -1.246815   0.118  0.317  0.000  14  1 26.400000
   120300000  -1.178259   0.118  0.317  0.000  13  1 68.500000
   120400000  -1.179866   0.118  0.317  0.000  14  1 26.400000
   120500000  -1.202738   0.118  0.317  0.000  13  1 68.500000
   120600000  -1.250685   0.118  0.317  0.000  15  1 9.500000
   120700000  -1.337903   0.118  0.317  0.000  15  1 9.500000
   120800000  -1.287218   0.118  0.317  0.000  13  1 68.500000
   120900000  -1.222393   0.118  0.317  0.000  11  1 248.100000
   121000000  -1.212921   0.118  0.317  0.000  13  1 68.500000
   121100000  -1.103810   0.118  0.317  0.000  14  1 26.400000
   121200000  -1.234065   0.118  0.317  0.000  12  2 166.400000
   121300000  -1.184143   0.118  0.317  0.000  13  1 68.500000
   121400000  -1.277191   0.118  0.317  0.000  13  1 68.500000
   121500000  -1.157252   0.118  0.317  0.000  13  1 68.500000
   121600000  -1.214536   0.118  0.317  0.000  13  1 68.500000
   121700000  -1.237578   0.118  0.317  0.000  14  1 26.400000
   121800000  -1.206394   0.118  0.317  0.000  14  1 26.400000
   121900000  -1.163676   0.118  0.317  0.000  13  1 68.500000
   122000000  -1.269435   0.118  0.317  0.000  14  1 26.400000
   122100000  -1.210734   0.118  0.317  0.000  14  1 26.400000
   122200000  -1.218435   0.118  0.317  0.000  13  1 68.500000
   122300000  -1.200778   0.118  0.317  0.000  13  1 68.500000
   122400000  -1.239779   0.118  0.317  0.000  13  1 68.500000
   122500000  -1.275022   0.118  0.317  0.000  11  1 248.100000
   122600000  -1.120084   0.118  0.317  0.000  11  1 248.100000
   122700000  -1.219841   0.118  0.317  0.000  11  1 248.100000
   122800000  -1.200481   0.118  0.317  0.000  12  1 166.400000
   122900000  -1.279262   0.118  0.317  0.000  11  1 248.100000
   123000000  -1.234437   0.118  0.317  0.000  11  1 248.100000
   123100000  -1.214442   0.118  0.317  0.000  13  1 68.500000
   123200000  -1.153106   0.118  0.317  0.000  11  1 248.100000
   123300000  -1.349660   0.118  0.317  0.000  13  1 68.500000
   123400000  -1.236233   0.118  0.317  0.000  13  1 68.500000
   123500000  -1.133616   0.118  0.317  0.000  13  1 68.500000
   123600000  -1.192695   0.118  0.317  0.000  11  1 248.100000
   123700000  -1.289334   0.118  0.317  0.000  14  1 26.400000
   123800000  -1.202805   0.118  0.317  0.000  11  1 248.100000
   123900000  -1.219410   0.118  0.317  0.000  13  1 68.500000
   124000000  -1.161024   0.118  0.317  0.000  12  1 166.400000
   124100000  -1.224788   0.118  0.317  0.000  13  1 68.500000
   124200000  -1.353755   0.118  0.317  0.000  14  1 26.400000
   124300000  -1.319098   0.118  0.317  0.000  14  1 26.400000
   124400000  -1.227593   0.118  0.317  0.000  13  1 68.500000
   124500000  -1.193650   0.118  0.317  0.000  12  1 166.400000
   124600000  -1.279423   0.118  0.317  0.000  14  1 26.400000
   124700000  -1.322716   0.118  0.317  0.000  14  1 26.400000
   124800000  -1.166185   0.118  0.317  0.000  11  1 248.100000
   124900000  -1.165838   0.118  0.317  0.000  13  1 68.500000
   125000000  -1.235734   0.118  0.317  0.000  13  1 68.500000
   125100000  -1.232387   0.118  0.317  0.000  14  1 26.400000
   125200000  -1.168638   0.118  0.317  0.000  14  1 26.400000
   125300000  -1.281948   0.118  0.317  0.000  14  1 26.400000
   125400000  -1.183490   0.118  0.317  0.000  14  1 26.400000
   125500000  -1.248786   0.118  0.317  0.000  13  1 68.500000
   125600000  -1.214938   0.118  0.317  0.000  14  1 26.400000
   125700000  -1.161834   0.118  0.317  0.000  13  1 68.500000
   125800000  -1.267434   0.118  0.317  0.000  14  1 26.400000
   125900000  -1.273149   0.118  0.317  0.000  14  1 26.400000
   126000000  -1.258091   0.118  0.317  0.000  14  1 26.400000
   126100000  -1.222160   0.118  0.317  0.000  13  1 68.500000
   126200000  -1.211892   0.118  0.317  0.000  11  3 248.100000
   126300000  -1.346928   0.118  0.317  0.000  11  4 248.100000
   126400000  -1.179858   0.118  0.317  0.000  10  3 191.100000
   126500000  -1.173727   0.118  0.317  0.000  11  4 248.100000
   126600000  -1.286456   0.118  0.317  0.000  11  4 248.100000
   126700000  -1.260267   0.118  0.317  0.000  10  4 191.100000
   126800000  -1.241986   0.118  0.317  0.000  11  4 248.100000
   126900000  -1.263816   0.118  0.317  0.000  11  4 248.100000
   127000000  -1.309939   0.118  0.317  0.000  11  4 248.100000
   127100000  -1.130859   0.118  0.317  0.000  10  3 191.100000
   127200000  -1.212777   0.118  0.317  0.000  11  4 248.100000
   127300000  -1.225518   0.118  0.317  0.000  11  4 248.100000
   127400000  -1.293019   0.118  0.317  0.000  11  4 248.100000
   127500000  -1.274183   0.118  0.317  0.000  11  4 248.100000
   127600000  -1.263137   0.118  0.317  0.000  11  3 248.100000
   127700000  -1.218873   0.118  0.317  0.000  11  4 248.100000
   127800000  -1.303641   0.118  0.317  0.000   9  5 137.800000
   127900000  -1.229722   0.118  0.317  0.000  10  4 191.100000
   128000000  -1.192100   0.118  0.317  0.000   9  4 137.800000
   128100000  -1.213812   0.118  0.317  0.000   9  5 137.800000
   128200000  -1.132656   0.118  0.317  0.000  10  5 191.100000
   128300000  -1.170302   0.118  0.317  0.000  10  4 191.100000
   128400000  -1.156028   0.118  0.317  0.000   8  5 168.300000
   128500000  -1.184647   0.118  0.317  0.000   8  5 168.300000
   128600000  -1.220433   0.118  0.317  0.000   9  5 137.800000
   128700000  -1.238380   0.118  0.317  0.000   9  5 137.800000
   128800000  -1.177777   0.118  0.317  0.000  10  4 191.100000
   128900000  -1.176548   0.118  0.317  0.000   9  5 137.800000
   129000000  -1.202498   0.118  0.317  0.000  10  3 191.100000
   129100000  -1.083301   0.118  0.317  0.000   8  4 168.300000
   129200000  -1.316446   0.118  0.317  0.000  11  4 248.100000
   129300000  -1.252843   0.118  0.317  0.000  10  4 191.100000
   129400000  -1.221106   0.118  0.317  0.000   9  4 137.800000
   129500000  -1.179829   0.118  0.317  0.000  11  4 248.100000
   129600000  -1.337439   0.118  0.317  0.000  10  4 191.100000
   129700000  -1.271154   0.118  0.317  0.000  11  4 248.100000
   129800000  -1.152138   0.118  0.317  0.000  10  3 191.100000
   129900000  -1.198437   0.118  0.317  0.000  10  4 191.100000
   130000000  -1.342216   0.118  0.317  0.000  11  4 248.100000
   130100000  -1.293634   0.118  0.317  0.000  11  4 248.100000
   130200000  -1.160554   0.118  0.317  0.000  10  4 191.100000
   130300000  -1.275247   0.118  0.317  0.000  11  4 248.100000
   130400000  -1.215917   0.118  0.317  0.000   9  4 137.800000
   130500000  -1.191012   0.118  0.317  0.000   9  4 137.800000
   130600000  -1.289456   0.118  0.317  0.000   9  6 137.800000
   130700000  -1.209859   0.118  0.317  0.000   9  6 137.800000
   130800000  -1.325510   0.118  0.317  0.000   9  6 137.800000
   130900000  -1.183673   0.118  0.317  0.000   8  6 168.300000
   131000000  -1.266883   0.118  0.317  0.000   8  6 168.300000
   131100000  -1.309072   0.118  0.317  0.000   9  5 137.800000
   131200000  -1.255252   0.118  0.317  0.000  10  3 191.100000
   131300000  -1.235490   0.118  0.317  0.000  10  5 191.100000
   131400000  -1.344939   0.118  0.317  0.000  10  5 191.100000
   131500000  -1.145310   0.118  0.317  0.000   9  4 137.800000
   131600000  -1.335208   0.118  0.317  0.000  10  4 191.100000
   131700000  -1.280448   0.118  0.317  0.000  10  5 191.100000
   131800000  -1.215776   0.118  0.317  0.000  10  4 191.100000
   131900000  -1.259474   0.118  0.317  0.000  10  4 191.100000
   132000000  -1.153593   0.118  0.317  0.000  10  4 191.100000
   132100000  -1.192493   0.118  0.317  0.000  10  4 191.100000
   132200000  -1.170589   0.118  0.317  0.000   9  5 137.800000
   132300000  -1.219804   0.118  0.317  0.000  10  3 191.100000
   132400000  -1.253883   0.118  0.317  0.000  10  5 191.100000
   132500000  -1.166011   0.118  0.317  0.000   9  5 137.800000
   132600000  -1.177941   0.118  0.317  0.000  10  5 191.100000
   132700000  -1.313651   0.118  0.317  0.000  10  5 191.100000
   132800000  -1.210415   0.118  0.317  0.000   9  4 137.800000
   132900000  -1.183837   0.118  0.317  0.000  10  4 191.100000
   133000000  -1.286355   0.118  0.317  0.000  10  5 191.100000
   133100000  -1.243232   0.118  0.317  0.000  10  5 191.100000
   133200000  -1.290385   0.118  0.317  0.000  10  5 191.100000
   133300000  -1.260959   0.118  0.317  0.000  10  4 191.100000
   133400000  -1.220400   0.118  0.317  0.000  10  5 191.100000
   133500000  -1.347078   0.118  0.317  0.000   9  5 137.800000
   133600000  -1.237373   0.118  0.317  0.000   7  6 106.200000
   133700000  -1.143798   0.118  0.317  0.000   8  5 168.300000
   133800000  -1.269247   0.118  0.317  0.000   9  6 137.800000
   133900000  -1.149409   0.118  0.317  0.000   8  5 168.300000
   134000000  -1.296583   0.118  0.317  0.000   8  7 168.300000
   134100000  -1.292222   0.118  0.317  0.000   8  7 168.300000
   134200000  -1.221987   0.118  0.317  0.000   8  7 168.300000
   134300000  -1.246327   0.118  0.317  0.000   8  7 168.300000
   134400000  -1.169427   0.118  0.317  0.000   7  7 106.200000
   134500000  -1.224599   0.118  0.317  0.000   7  7 106.200000
   134600000  -1.240314   0.118  0.317  0.000   8  7 168.300000
   134700000  -1.128005   0.118  0.317  0.000   7  7 106.200000
   134800000  -1.250996   0.118  0.317  0.000   8  7 168.300000
   134900000  -1.284874   0.118  0.317  0.000   8  7 168.300000
   135000000  -1.264029   0.118  0.317  0.000   8  7 168.300000
   135100000  -1.261263   0.118  0.317  0.000   8  7 168.300000
   135200000  -1.206606   0.118  0.317  0.000   8  6 168.300000
   135300000  -1.258253   0.118  0.317  0.000   8  7 168.300000
   135400000  -1.274926   0.118  0.317  0.000   7  7 106.200000
   135500000  -1.176473   0.118  0.317  0.000   7  6 106.200000
   135600000  -1.344437   0.118  0.317  0.000   8  7 168.300000
   135700000  -1.192470   0.118  0.317  0.000   8  7 168.300000
   135800000  -1.239171   0.118  0.317  0.000   7  7 106.200000
   135900000  -1.217771   0.118  0.317  0.000   6  7 20.200000
   136000000  -1.279899   0.118  0.317  0.000   8  7 168.300000
   136100000  -1.230637   0.118  0.317  0.000   8  7 168.300000
   136200000  -1.185683   0.118  0.317  0.000   8  7 168.300000
   136300000  -1.153389   0.118  0.317  0.000   7  7 106.200000
   136400000  -1.243932   0.118  0.317  0.000   8  6 168.300000
   136500000  -1.201708   0.118  0.317  0.000   8  7 168.300000
   136600000  -1.230893   0.117  0.317  0.000   7  5 106.200000
   136700000  -1.219496   0.117  0.317  0.000   8  7 168.300000
   136800000  -1.288273   0.117  0.317  0.000   8  7 168.300000
   136900000  -1.175702   0.117  0.317  0.000   7  6 106.200000
   137000000  -1.201035   0.117  0.317  0.000   7  7 106.200000
   137100000  -1.231603   0.117  0.317  0.000   8  6 168.300000
   137200000  -1.358242   0.117  0.317  0.000   8  7 168.300000
   137300000  -1.260763   0.117  0.317  0.000   7  8 106.200000
   137400000  -1.169483   0.117  0.317  0.000   7  8 106.200000
   137500000  -1.153262   0.117  0.317  0.000   6  7 20.200000
   137600000  -1.296209   0.117  0.317  0.000   7  8 106.200000
   137700000  -1.184499   0.117  0.317  0.000   6  8 20.200000
   137800000  -1.169345   0.117  0.317  0.000   5  8 3.600000
   137900000  -1.208673   0.117  0.317  0.000   7  8 106.200000
   138000000  -1.209588   0.117  0.317  0.000   7  8 106.200000
   138100000  -1.248537   0.117  0.317  0.000   6  8 20.200000
   138200000  -1.241391   0.117  0.317  0.000   7  8 106.200000
   138300000  -1.148876   0.117  0.317  0.000   7  8 106.200000
   138400000  -1.208213   0.117  0.317  0.000   6  8 20.200000
   138500000  -1.251691   0.117  0.317  0.000   7  8 106.200000
   138600000  -1.331770   0.117  0.317  0.000   7  8 106.200000
   138700000  -1.164027   0.117  0.317  0.000   3  9 5.000000
   138800000  -1.280027   0.117  0.317  0.000   2 10 50.000000
   138900000  -1.193311   0.117  0.317  0.000   1 11 250.000000
   139000000  -1.157119   0.118  0.317  0.000   2 11 50.000000
   139100000  -1.077362   0.118  0.317  0.000   1 11 250.000000
   139200000  -1.158733   0.118  0.317  0.000   1 10 250.000000
   139300000  -1.218310   0.118  0.317  0.000   3 10 5.000000
   139400000  -1.235159   0.118  0.317  0.000   4 11 1.000000
   139500000  -1.178824   0.118  0.317  0.000   2 11 50.000000
   139600000  -1.224277   0.118  0.317  0.000   3  9 5.000000
   139700000  -1.201715   0.118  0.317  0.000   3 11 5.000000
   139800000  -1.016073   0.118  0.317  0.000   1  8 250.000000
   139900000  -1.194439   0.118  0.317  0.000   2 11 50.000000
   140000000  -1.017758   0.118  0.317  0.000   1 10 250.000000
   140100000  -1.178096   0.118  0.317  0.000   1 11 250.000000
   140200000  -1.139556   0.118  0.317  0.000   1 11 250.000000
   140300000  -1.158317   0.118  0.317  0.000   3 11 5.000000
   140400000  -1.244139   0.118  0.317  0.000   3 11 5.000000
   140500000  -1.217541   0.118  0.317  0.000   3 11 5.000000
   140600000  -1.255069   0.118  0.317  0.000   2 11 50.000000
   140700000  -1.151258   0.118  0.317  0.000   5  8 3.600000
   140800000  -1.243258   0.118  0.317  0.000   4  9 1.000000
   140900000  -1.226419   0.118  0.317  0.000   4 10 1.000000
   141000000  -1.087356   0.118  0.317  0.000   2 11 50.000000
   141100000  -1.210408   0.118  0.317  0.000   2 11 50.000000
   141200000  -1.260621   0.118  0.317  0.000   5  9 3.600000
   141300000  -1.147897   0.118  0.317  0.000   2 11 50.000000
   141400000  -1.224564   0.118  0.318  0.000   5 10 3.600000
   141500000  -1.214585   0.118  0.318  0.000   3 10 5.000000
   141600000  -1.243768   0.118  0.318  0.000   2 11 50.000000
   141700000  -1.172617   0.118  0.318  0.000   1 10 250.000000
   141800000  -1.119601   0.118  0.318  0.000   1 11 250.000000
   141900000  -1.198917   0.118  0.318  0.000   4 11 1.000000
   142000000  -1.244709   0.118  0.318  0.000   3 10 5.000000
   142100000  -1.154433   0.118  0.318  0.000   2 11 50.000000
   142200000  -1.267543   0.118  0.318  0.000   6  8 20.200000
   142300000  -1.290884   0.118  0.318  0.000   6  8 20.200000
   142400000  -1.275645   0.118  0.318  0.000   7  7 106.200000
   142500000  -1.298680   0.118  0.318  0.000   7  7 106.200000
   142600000  -1.201522   0.118  0.318  0.000   6  8 20.200000
   142700000  -1.235779   0.118  0.318  0.000   7  8 106.200000
   142800000  -1.166440   0.118  0.318  0.000   2  9 50.000000
   142900000  -1.186818   0.118  0.318  0.000   2 10 50.000000
   143000000  -1.050289   0.118  0.318  0.000   1 11 250.000000
   143100000  -1.160917   0.118  0.318  0.000   2 10 50.000000
   143200000  -1.153323   0.118  0.318  0.000   2  9 50.000000
   143300000  -1.153844   0.118  0.318  0.000   3 10 5.000000
   143400000  -1.170093   0.118  0.318  0.000   2  9 50.000000
   143500000  -1.253224   0.118  0.318  0.000   5  9 3.600000
   143600000  -1.168276   0.118  0.318  0.000   6  9 20.200000
   143700000  -1.144866   0.118  0.318  0.000   4 10 1.000000
   143800000  -1.292068   0.118  0.318  0.000   6  9 20.200000
   143900000  -1.225552   0.118  0.318  0.000   2 11 50.000000
   144000000  -1.185690   0.118  0.318  0.000   4 10 1.000000
   144100000  -1.173894   0.118  0.318  0.000   5  9 3.600000
   144200000  -1.266238   0.118  0.318  0.000   5 10 3.600000
   144300000  -1.189582   0.118  0.318  0.000   1  9 250.000000
   144400000  -1.240338   0.118  0.318  0.000   5 10 3.600000
   144500000  -1.191502   0.118  0.318  0.000   5  9 3.600000
   144600000  -1.153745   0.118  0.318  0.000   2 10 50.000000
   144700000  -1.118343   0.118  0.318  0.000   5 10 3.600000
   144800000  -1.232147   0.118  0.318  0.000   5  9 3.600000
   144900000  -1.110502   0.118  0.318  0.000   1 11 250.000000
   145000000  -1.225463   0.118  0.318  0.000   3 10 5.000000
   145100000  -1.180261   0.118  0.318  0.000   2  9 50.000000
   145200000  -1.150871   0.118  0.318  0.000   6  7 20.200000
   145300000  -1.248713   0.118  0.318  0.000   5  9 3.600000
