        0.0000  -1.206275   0.311552  -0.894724  0  0  0.37  0.35 
      500.0000  -1.201895   0.309203  -0.892692  1 10  0.38  0.38 
     1000.0000  -1.143185   0.315644  -0.827541  2 10  0.37  0.38 
     1500.0000  -1.194177   0.369462  -0.824714  3 11  0.39  0.38 
     2000.0000  -1.175766   0.304160  -0.871606  3 11  0.37  0.38 
     2500.0000  -1.210216   0.342155  -0.868061  3 10  0.40  0.36 
     3000.0000  -1.247539   0.327217  -0.920322  2 11  0.40  0.36 
     3500.0000  -1.189663   0.274667  -0.914996  3 11  0.39  0.37 
     4000.0000  -1.160367   0.296943  -0.863424  3 10  0.40  0.35 
     4500.0000  -1.156660   0.294559  -0.862101  3 11  0.37  0.36 
     5000.0000  -1.233510   0.354448  -0.879062  4 11  0.39  0.36 
     5500.0000  -1.221574   0.311035  -0.910539  4 10  0.35  0.37 
     6000.0000  -1.169205   0.333750  -0.835455  4 11  0.41  0.36 
     6500.0000  -1.228277   0.259417  -0.968859  2 11  0.41  0.37 
     7000.0000  -1.217622   0.341187  -0.876435  4 10  0.39  0.39 
     7500.0000  -1.199270   0.290925  -0.908345  3 10  0.39  0.37 
     8000.0000  -1.196955   0.316839  -0.880116  3 11  0.41  0.35 
     8500.0000  -1.133483   0.291425  -0.842058  3 11  0.38  0.38 
     9000.0000  -1.268109   0.294527  -0.973582  3 11  0.38  0.35 
     9500.0000  -1.132301   0.293332  -0.838969  2 10  0.44  0.35 
    10000.0000  -1.216993   0.351115  -0.865878  3 10  0.40  0.34 
    10500.0000  -1.162203   0.279115  -0.883088  5 10  0.39  0.36 
    11000.0000  -1.183962   0.305915  -0.878048  5  9  0.40  0.36 
    11500.0000  -1.262183   0.344800  -0.917384  5  9  0.34  0.34 
    12000.0000  -1.183342   0.316626  -0.866716  5  8  0.39  0.38 
    12500.0000  -1.174530   0.310713  -0.863817  5  9  0.38  0.35 
    13000.0000  -1.268441   0.293765  -0.974676  3 10  0.36  0.38 
    13500.0000  -1.204792   0.276161  -0.928631  5  9  0.39  0.37 
    14000.0000  -1.241407   0.320639  -0.920769  5 10  0.36  0.37 
    14500.0000  -1.320512   0.324242  -0.996269  5 10  0.37  0.36 
    15000.0000  -1.196516   0.281345  -0.915171  4  8  0.40  0.38 
    15500.0000  -1.251849   0.291909  -0.959940  5 10  0.35  0.38 
    16000.0000  -1.182634   0.309515  -0.873119  4  9  0.37  0.37 
    16500.0000  -1.166396   0.321697  -0.844700  4 10  0.34  0.38 
    17000.0000  -1.284562   0.301006  -0.983556  4 11  0.39  0.35 
    17500.0000  -1.191498   0.260959  -0.930539  4  8  0.38  0.36 
    18000.0000  -1.163811   0.314435  -0.849376  4 10  0.39  0.36 
    18500.0000  -1.151461   0.352929  -0.798532  3 11  0.39  0.36 
    19000.0000  -1.272517   0.267810  -1.004707  3 11  0.42  0.35 
    19500.0000  -1.292285   0.287211  -1.005074  3 10  0.40  0.35 
    20000.0000  -1.148502   0.317023  -0.831479  3 11  0.41  0.37 
    20500.0000  -1.137995   0.339415  -0.798580  3  9  0.42  0.38 
    21000.0000  -1.236000   0.272246  -0.963754  3 10  0.37  0.38 
    21500.0000  -1.213428   0.280930  -0.932499  3 10  0.40  0.33 
    22000.0000  -1.231384   0.334383  -0.897001  3 10  0.42  0.36 
    22500.0000  -1.187039   0.331456  -0.855582  3 11  0.36  0.36 
    23000.0000  -1.217821   0.316408  -0.901413  5 10  0.36  0.37 
    23500.0000  -1.303720   0.298618  -1.005102  5  8  0.36  0.37 
    24000.0000  -1.270398   0.288969  -0.981428  5 10  0.36  0.36 
    24500.0000  -1.173848   0.321987  -0.851861  5  9  0.41  0.36 
    25000.0000  -1.058884   0.326164  -0.732720  2 11  0.36  0.38 
    25500.0000  -1.158418   0.334380  -0.824038  3 10  0.37  0.36 
    26000.0000  -1.239323   0.271067  -0.968256  4 11  0.39  0.38 
    26500.0000  -1.181117   0.299277  -0.881840  3 10  0.38  0.36 
    27000.0000  -1.271966   0.316195  -0.955771  4 10  0.37  0.39 
    27500.0000  -1.165397   0.302408  -0.862989  5  6  0.36  0.38 
    28000.0000  -1.241358   0.330422  -0.910936  5  9  0.38  0.34 
    28500.0000  -1.271582   0.303263  -0.968319  5 10  0.38  0.37 
    29000.0000  -1.121236   0.335569  -0.785666  5 10  0.38  0.39 
    29500.0000  -1.106208   0.342397  -0.763811  4  9  0.34  0.36 
    30000.0000  -1.225751   0.322971  -0.902780  5  9  0.38  0.35 
    30500.0000  -1.227433   0.286204  -0.941228  5 10  0.36  0.39 
    31000.0000  -1.242601   0.320242  -0.922359  3 10  0.38  0.37 
    31500.0000  -1.196345   0.295619  -0.900725  3 10  0.40  0.39 
    32000.0000  -1.252346   0.311131  -0.941215  5 10  0.37  0.36 
    32500.0000  -1.237629   0.252627  -0.985002  5  9  0.39  0.41 
    33000.0000  -1.199741   0.296037  -0.903704  5  9  0.37  0.37 
    33500.0000  -1.129601   0.299503  -0.830098  4  8  0.37  0.36 
    34000.0000  -1.214323   0.295887  -0.918436  5  8  0.39  0.39 
    34500.0000  -1.205114   0.310567  -0.894546  5 10  0.37  0.35 
    35000.0000  -1.245961   0.291429  -0.954531  5  9  0.35  0.35 
    35500.0000  -1.203558   0.261952  -0.941606  6  7  0.41  0.35 
    36000.0000  -1.223627   0.328822  -0.894805  5 10  0.38  0.38 
    36500.0000  -1.236338   0.319771  -0.916566  5 10  0.37  0.35 
    37000.0000  -1.193419   0.303411  -0.890007  5 10  0.39  0.37 
    37500.0000  -1.282575   0.329458  -0.953116  5 10  0.40  0.37 
    38000.0000  -1.221980   0.277033  -0.944947  5 10  0.38  0.36 
    38500.0000  -1.102407   0.256401  -0.846006  4  9  0.37  0.40 
    39000.0000  -1.114248   0.226948  -0.887301  4  9  0.38  0.38 
    39500.0000  -1.153869   0.261395  -0.892474  4 10  0.36  0.36 
    40000.0000  -1.201565   0.286970  -0.914595  4 10  0.38  0.34 
    40500.0000  -1.139295   0.288167  -0.851128  5  9  0.38  0.36 
    41000.0000  -1.209810   0.285230  -0.924579  5  9  0.41  0.38 
    41500.0000  -1.334478   0.326709  -1.007769  5 10  0.39  0.34 
    42000.0000  -1.223017   0.291884  -0.931134  5 10  0.33  0.35 
    42500.0000  -1.251030   0.285705  -0.965326  5 10  0.37  0.35 
    43000.0000  -1.237122   0.352537  -0.884585  5 10  0.36  0.38 
    43500.0000  -1.229165   0.306142  -0.923023  5  9  0.38  0.36 
    44000.0000  -1.200380   0.318622  -0.881758  5 10  0.37  0.38 
    44500.0000  -1.213550   0.294732  -0.918818  4 10  0.38  0.37 
    45000.0000  -1.260161   0.345462  -0.914699  5 10  0.37  0.35 
    45500.0000  -1.173575   0.295545  -0.878031  4  8  0.37  0.37 
    46000.0000  -1.173938   0.309010  -0.864928  6  8  0.39  0.36 
    46500.0000  -1.207568   0.327826  -0.879742  6  8  0.37  0.37 
    47000.0000  -1.146177   0.301238  -0.844939  6  9  0.38  0.38 
    47500.0000  -1.228937   0.289129  -0.939808  5  9  0.37  0.37 
    48000.0000  -1.203534   0.316299  -0.887235  5  9  0.36  0.38 
    48500.0000  -1.279349   0.319269  -0.960080  6  9  0.39  0.38 
    49000.0000  -1.166864   0.303857  -0.863007  6  9  0.39  0.37 
    49500.0000  -1.235564   0.265628  -0.969935  6  9  0.37  0.34 
    50000.0000  -1.178935   0.301646  -0.877289  5  9  0.36  0.36 
    50500.0000  -1.065358   0.303653  -0.761705  4  9  0.39  0.34 
    51000.0000  -1.145993   0.348575  -0.797419  4 10  0.39  0.34 
    51500.0000  -1.201629   0.282612  -0.919017  4  8  0.41  0.36 
    52000.0000  -1.258679   0.286064  -0.972615  6  9  0.35  0.35 
    52500.0000  -1.184577   0.347328  -0.837250  6  8  0.37  0.35 
    53000.0000  -1.144638   0.288256  -0.856382  6  7  0.37  0.37 
    53500.0000  -1.122384   0.268932  -0.853451  5  7  0.34  0.37 
    54000.0000  -1.223096   0.263575  -0.959521  5  9  0.38  0.36 
    54500.0000  -1.235541   0.268232  -0.967309  6  9  0.37  0.38 
    55000.0000  -1.253848   0.303286  -0.950562  6  8  0.37  0.38 
    55500.0000  -1.250137   0.308426  -0.941711  6  9  0.35  0.36 
    56000.0000  -1.166684   0.327757  -0.838927  6  9  0.40  0.35 
    56500.0000  -1.252034   0.313185  -0.938849  5  9  0.38  0.35 
    57000.0000  -1.265918   0.307605  -0.958313  6  9  0.36  0.37 
    57500.0000  -1.217693   0.276664  -0.941029  6  8  0.39  0.39 
    58000.0000  -1.214647   0.289619  -0.925028  6  7  0.38  0.36 
    58500.0000  -1.299894   0.320282  -0.979612  6  9  0.39  0.36 
    59000.0000  -1.143718   0.289658  -0.854061  6  9  0.39  0.36 
    59500.0000  -1.162020   0.331724  -0.830296  5  9  0.37  0.36 
    60000.0000  -1.227862   0.285850  -0.942012  5  9  0.39  0.38 
    60500.0000  -1.189857   0.294516  -0.895340  6  8  0.38  0.36 
    61000.0000  -1.269413   0.335674  -0.933739  6  8  0.39  0.37 
    61500.0000  -1.234660   0.324135  -0.910526  6  9  0.38  0.36 
    62000.0000  -1.161499   0.334084  -0.827415  6  8  0.39  0.34 
    62500.0000  -1.130609   0.273718  -0.856891  5  9  0.38  0.34 
    63000.0000  -1.136968   0.263320  -0.873648  5  8  0.38  0.37 
    63500.0000  -1.211139   0.257594  -0.953545  6  9  0.37  0.38 
    64000.0000  -1.191216   0.284454  -0.906762  6  9  0.37  0.37 
    64500.0000  -1.205424   0.300243  -0.905181  5  8  0.35  0.38 
    65000.0000  -1.208588   0.319786  -0.888803  6  9  0.36  0.38 
    65500.0000  -1.072346   0.272890  -0.799455  5  8  0.37  0.38 
    66000.0000  -1.135778   0.277740  -0.858039  2 11  0.37  0.38 
    66500.0000  -1.283218   0.257943  -1.025275  3 11  0.37  0.36 
    67000.0000  -1.188045   0.333185  -0.854859  3 11  0.37  0.34 
    67500.0000  -1.262373   0.278960  -0.983413  3 11  0.37  0.38 
    68000.0000  -1.253728   0.304905  -0.948823  3 11  0.37  0.37 
    68500.0000  -1.106456   0.245972  -0.860483  4 10  0.38  0.37 
    69000.0000  -1.181566   0.276459  -0.905107  3 11  0.37  0.38 
    69500.0000  -1.187780   0.260544  -0.927236  3 10  0.40  0.37 
    70000.0000  -1.243232   0.334166  -0.909066  6  9  0.36  0.35 
    70500.0000  -1.230687   0.280616  -0.950071  6  9  0.36  0.38 
    71000.0000  -1.246729   0.280284  -0.966445  6  8  0.40  0.37 
    71500.0000  -1.261054   0.326775  -0.934279  6  9  0.37  0.37 
    72000.0000  -1.181741   0.320120  -0.861621  5  8  0.40  0.39 
    72500.0000  -1.248455   0.245120  -1.003335  6  9  0.39  0.35 
    73000.0000  -1.199169   0.271236  -0.927933  6  8  0.39  0.36 
    73500.0000  -1.181990   0.310402  -0.871588  5  8  0.39  0.38 
    74000.0000  -1.254804   0.282228  -0.972576  6  8  0.39  0.39 
    74500.0000  -1.220881   0.304394  -0.916486  6  6  0.37  0.36 
    75000.0000  -1.201599   0.261694  -0.939904  6  9  0.35  0.36 
    75500.0000  -1.230000   0.243733  -0.986267  6  7  0.38  0.38 
    76000.0000  -1.236140   0.289588  -0.946552  5  8  0.36  0.35 
    76500.0000  -1.185842   0.309888  -0.875954  6  8  0.41  0.38 
    77000.0000  -1.134286   0.300282  -0.834004  6  9  0.38  0.36 
    77500.0000  -1.127177   0.352921  -0.774256  6  9  0.39  0.36 
    78000.0000  -1.179673   0.310622  -0.869051  6  8  0.38  0.39 
    78500.0000  -1.234380   0.285646  -0.948734  6  9  0.38  0.38 
    79000.0000  -1.212670   0.325732  -0.886938  5  8  0.39  0.36 
    79500.0000  -1.178301   0.300978  -0.877323  6  8  0.39  0.34 
    80000.0000  -1.227535   0.326977  -0.900558  6  7  0.38  0.37 
    80500.0000  -1.071709   0.248138  -0.823571  5  8  0.39  0.37 
    81000.0000  -1.236832   0.302405  -0.934427  6  8  0.36  0.37 
    81500.0000  -1.139554   0.273498  -0.866057  5  9  0.38  0.37 
    82000.0000  -1.095759   0.341421  -0.754338  5  8  0.37  0.36 
    82500.0000  -1.208027   0.338683  -0.869343  5  8  0.36  0.37 
    83000.0000  -1.165370   0.297718  -0.867652  6  9  0.37  0.37 
    83500.0000  -1.239115   0.335343  -0.903771  6  8  0.37  0.36 
    84000.0000  -1.090749   0.335551  -0.755199  6  9  0.35  0.35 
    84500.0000  -1.121011   0.261544  -0.859467  6  9  0.37  0.35 
    85000.0000  -1.158299   0.312013  -0.846286  5  8  0.38  0.36 
    85500.0000  -1.226193   0.317368  -0.908826  6  8  0.37  0.39 
    86000.0000  -1.189727   0.293042  -0.896686  6  9  0.39  0.38 
    86500.0000  -1.284920   0.300967  -0.983953  6  9  0.38  0.37 
    87000.0000  -1.183538   0.303912  -0.879626  5  7  0.37  0.38 
    87500.0000  -1.261938   0.333543  -0.928395  6  9  0.41  0.36 
    88000.0000  -1.242772   0.246057  -0.996716  6  9  0.36  0.36 
    88500.0000  -1.199808   0.348052  -0.851756  5  7  0.38  0.37 
    89000.0000  -1.108648   0.285613  -0.823035  5  9  0.37  0.38 
    89500.0000  -1.214279   0.330033  -0.884245  5  8  0.35  0.36 
    90000.0000  -1.289923   0.255522  -1.034401  6  9  0.38  0.38 
    90500.0000  -1.277409   0.252837  -1.024572  6  8  0.38  0.37 
    91000.0000  -1.217789   0.222134  -0.995655  6  8  0.36  0.38 
    91500.0000  -1.133944   0.250437  -0.883506  5  8  0.40  0.37 
    92000.0000  -1.231779   0.309928  -0.921851  5  9  0.37  0.38 
    92500.0000  -1.246928   0.295478  -0.951450  6  8  0.38  0.36 
    93000.0000  -1.245426   0.296190  -0.949236  6  9  0.39  0.38 
    93500.0000  -1.189495   0.265618  -0.923877  6  9  0.37  0.34 
    94000.0000  -1.153663   0.364143  -0.789520  6  9  0.39  0.37 
    94500.0000  -1.172542   0.285014  -0.887528  6  7  0.40  0.38 
    95000.0000  -1.167085   0.274614  -0.892471  6  7  0.40  0.34 
    95500.0000  -1.244599   0.321270  -0.923329  6  8  0.39  0.39 
    96000.0000  -1.190111   0.301851  -0.888260  6  9  0.39  0.39 
    96500.0000  -1.231350   0.246927  -0.984423  6  9  0.36  0.37 
    97000.0000  -1.183257   0.238353  -0.944904  5  9  0.39  0.36 
    97500.0000  -1.150342   0.267241  -0.883100  5  9  0.44  0.36 
    98000.0000  -1.275822   0.254752  -1.021070  5  9  0.39  0.39 
    98500.0000  -1.262932   0.270540  -0.992392  6  9  0.38  0.35 
    99000.0000  -1.250721   0.253353  -0.997368  6  8  0.36  0.39 
    99500.0000  -1.257438   0.284285  -0.973153  6  9  0.40  0.39 
   100000.0000  -1.270033   0.283870  -0.986163  5  9  0.40  0.39 
   100500.0000  -1.179557   0.261836  -0.917721  5  8  0.38  0.34 
   101000.0000  -1.225391   0.249145  -0.976246  6  8  0.38  0.36 
   101500.0000  -1.234098   0.318855  -0.915244  6  9  0.36  0.35 
   102000.0000  -1.165622   0.263859  -0.901763  6  8  0.35  0.37 
   102500.0000  -1.174925   0.290162  -0.884762  6  9  0.36  0.39 
   103000.0000  -1.264125   0.272372  -0.991752  6  8  0.37  0.38 
   103500.0000  -1.197154   0.265386  -0.931768  6  9  0.40  0.38 
   104000.0000  -1.200357   0.327057  -0.873300  6  8  0.38  0.35 
   104500.0000  -1.205012   0.321584  -0.883429  6  9  0.40  0.36 
   105000.0000  -1.262405   0.311511  -0.950894  6  9  0.38  0.38 
   105500.0000  -1.262882   0.254046  -1.008836  6  9  0.37  0.38 
   106000.0000  -1.239782   0.279940  -0.959842  5  9  0.40  0.38 
   106500.0000  -1.209160   0.321379  -0.887781  5  8  0.38  0.36 
   107000.0000  -1.137317   0.298778  -0.838538  5  9  0.41  0.37 
   107500.0000  -1.222319   0.376946  -0.845373  6  9  0.37  0.34 
   108000.0000  -1.148097   0.297934  -0.850163  5  8  0.34  0.36 
