t = 3988
b = 35 35 35
E = -0.740486677875238 -1.07928850638514 0.338801828509906
4882.41411383162 7960.02280475063 6480.28857850911 0.173922323072315 -0.668814189576551 -0.722799201662392 -0.587877034132878 0.518331148504605 -0.62107446758248 0.000267850421590254 -0.302477003703232 0.160393421217103 -0.00401395950365242 -0.225620438952861 -0.132623193784058
4882.47048320189 7960.48149696466 6479.95349455432 -0.346596698791596 -0.8413864922311 -0.414655971586866 -0.450161920664609 0.537025117942085 -0.713413149145546 -0.0902474066503676 0.341104380403058 -0.146644866207066 0.052253330073381 -0.68010307765017 0.17910932970363
4882.5416189755 7960.71445690309 6479.52467565622 -0.721325740664601 -0.69207596717947 0.0268349659345884 -0.246407537524122 0.220225686267817 -0.943813561429655 -0.0361412964490561 0.181835060697635 0.16297902085469 0.152834640859454 -0.237256615737731 0.110199320074797
4882.71759668871 7960.68482502297 6479.00233253015 -0.940491136496105 -0.0148543988575218 0.339493645447199 -0.339059555975652 0.107751058746005 -0.934573945934361 -0.342050760896531 0.365445980760531 -0.20179260859687 0.441913691810922 -0.0289108338508249 -0.0278443453283977
4882.78772020878 7960.38231879276 6478.46586485474 -0.853376386197832 0.408878055837666 0.323369216620296 -0.307006506021624 0.107133835285234 -0.945658215169084 -0.680957446064548 0.541762319379194 0.131520309887141 0.1928278672774 0.640820961330175 0.0871933326023176
4882.84067286067 7960.00655331749 6477.99521390645 -0.721029679512597 0.653158871825614 0.231300261292646 -0.291930290591423 0.0163847866903181 -0.9562992960994 -0.105852971018644 -0.380124679353208 -0.190868766107888 -0.270371450358568 0.383170369345639 0.336895686830983
4882.8074784273 7959.31838047352 6477.57027885994 0.779770074569638 -0.532501499088217 0.329242959982834 -0.200975377549419 -0.710965810500064 -0.673896658708195 0.184633933110155 -0.172427210200086 0.276776715581299 0.262576724524114 -0.242469544113684 -0.0983028446508963
4883.33185401928 7958.6539965649 6477.13931081009 0.478581347745655 -0.868002610096713 -0.132406560184903 -0.870520727839274 -0.44935821878942 -0.200676343822849 0.117330360958902 -0.356618051415798 -0.0985285682469653 -0.409669526613765 -0.335116148344439 0.240595988303757
4882.75694069245 7958.67943551358 6476.85860305906 0.549525931525335 -0.718522154263075 0.426318391192388 -0.823042675377166 -0.553273392631439 0.128411419471555 -0.816971785066684 -0.204739720201118 -0.328958140586986 0.679302824903644 -0.362344435594663 -0.450860262213003
4882.40521429912 7958.3364257439 6476.58815411266 0.70635369629808 -0.338742947545792 0.621544632056394 -0.41029761833594 -0.911443034611435 -0.0304557955196504 -0.0468549499894594 -0.208369472636434 0.508592690569653 0.439929694977583 0.246216128199826 0.0847689696836083
4882.35137704825 7957.88419742948 6476.28725413713 0.180571947378713 -0.0440389268678839 0.982575365517082 -0.0435456071418287 -0.998375569808697 -0.0367445278165541 0.229906354979011 0.216310817965328 0.15497458497377 0.563617412510155 -0.400214820216634 -0.0851327229640503
4882.67630306819 7957.42309789975 6476.1799858314 -0.64396428957287 -0.120344842225843 0.755531051770464 -0.30742070952399 -0.863611170598961 -0.399585245974938 -0.0177352158638162 0.0809211735188416 0.318776191967185 0.230096524163036 0.0488287990613182 0.591824984556854
4883.23235411575 7957.08109847281 6475.77563996617 0.440861643021334 0.627876693376517 0.641414120549838 0.844810356215689 -0.53166689101007 -0.0602158383184309 0.57822110592994 -0.375184294338455 -0.415255360573057 0.155576369616863 0.190567794733531 0.587540635595033
4883.5202765173 7956.38932078576 6475.91571317497 -0.355286233930465 -0.860821028855194 -0.364361014650203 0.886421562220359 -0.186543797289548 -0.423625237229142 0.0288658001344868 -0.141812461798366 0.0244998614955277 0.0440513861470341 0.0152338880237669 0.0946623537329392
4884.14358310773 7956.30402676876 6476.01065518642 -0.499278907803955 -0.676985539251173 -0.540750631045749 0.866285509047235 -0.401871950585012 -0.296729463349976 -0.303761681989953 -0.401050380675375 -0.163015668180937 -0.114675825376501 -0.204968883405758 -0.308764807127018
4884.60535614855 7956.06449450529 6476.16250151721 -0.678917482311797 -0.295706652379468 -0.67203328475116 0.557500578848801 -0.803236208799624 -0.209773319956641 0.103885738360351 0.113772438099334 0.322607223271266 -0.0618837391244594 -0.0493231948934363 -0.0893091172569399
5232.93177354451 5512.92572358486 5599.86502069098 0.773095703144943 -0.158203355823919 0.614243258853403 -0.320382319108514 -0.933178456858375 0.162890282850019 0.169726395838553 0.0103532685251363 -0.468833013895675 0.289219697513142 0.318063392564862 -0.326480448548579
5232.95338285609 5512.39584927468 5599.66043341754 -0.00499019488867 0.257387007616384 0.9662955603623 -0.200831841061385 -0.946877308236744 0.251177490948975 -0.510773740284092 -0.252395615731761 -0.0868245295147452 -0.10122421868292 0.558569552399765 0.771363177938283
5233.1550770002 5511.89744580456 5599.74003212315 -0.774584949660174 0.263093046907713 0.57515243291386 -0.220339334513957 -0.964657305943378 0.144523554490748 0.15165692173783 0.0947806608654011 -0.0418520377124196 -0.331736843999735 0.295289553349769 0.204023437700833
5233.38452961506 5511.48406670757 5600.08064024575 -0.982237484191168 0.182336618126462 -0.0443056517093401 -0.184743824477522 -0.898380047265872 0.398476062364943 -0.0754063841432012 0.0837006354806321 -0.270097570539663 -0.0165926505815527 -1.00212891406312 -0.0911015901483185
5233.38274468215 5511.15354376995 5600.55456489546 -0.738987995630772 -0.0516476948464321 -0.671736096630676 -0.114328092143702 -0.972982765022715 0.200583837728072 0.693809222089531 0.637304645103322 0.429903896554876 0.522417044460786 -0.178011081790704 0.0744918561429621
5233.84165302904 5511.40766753384 5601.34153728073 -0.497357999431193 0.853362187323666 0.156231058681794 0.750916595264837 0.333271858941747 0.570135265887096 -0.00415361835050293 0.325030905178601 -0.238913452866559 0.218956827045005 0.12436785431269 -0.0179338799233712
5234.40960957817 5511.63175481887 5601.27816826253 -0.715502081077724 0.396478039467409 0.575206067765503 0.695416687382244 0.482849276982729 0.532214520531575 0.424767941557893 -0.582732034120634 0.161356237140007 -0.57617174479311 -0.241494207580903 -0.0828142089802449
5234.88529936098 5512.03042041641 5601.24418418115 -0.596710630496379 0.022896807485635 0.802129838651123 0.72199272765163 0.451592113889206 0.524205308941848 0.266188865202822 -0.0670796395067182 0.0410842616724809 -0.666451584689592 -0.000947357613917702 0.143818683006254
5235.21394042094 5512.53726635568 5601.32600784356 -0.377910395268003 -0.447821655931236 0.810333050517822 0.723089863543521 0.403843600712568 0.560403008050783 -0.371735206483973 0.0428064191268489 -0.269897422873559 0.162420950304838 -0.0628344896136176 0.16617721287213
5235.36327293259 5513.02754576516 5601.54578441865 0.158277608264439 -0.912190616826912 0.377963653773187 0.742807589454356 0.362195210625935 0.563073317992489 0.194402067445548 -0.155718470317959 -0.065005258468492 -0.405217158709826 -0.224469835063751 0.0236522753900758
5235.36297857762 5513.52472103904 5601.94658099342 0.455421659309233 -0.886501936955108 0.0818877219740156 0.167245810674479 0.175534673695463 0.970163132760542 0.0287766649928822 -0.045175119504499 0.512704582411168 0.0706980096834089 -0.355488081030519 -0.262049150528423
5235.07514962007 5513.5922475256 5602.45777603401 0.885012947034032 -0.435161289478987 -0.165489662085694 0.255174217262355 0.156079742663174 0.954214515997105 -0.180199707683092 0.319227150825757 -0.246910416675445 -0.632179952252634 0.300883043296528 0.463528940782378
5234.94784701361 5513.41965249586 5602.96449071975 0.95291212125552 -0.138588540123308 -0.269725571202109 0.287641241030943 0.131425789476488 0.948677994828878 -0.249022364498444 -0.680274712182357 0.388875786780145 0.172274672715411 0.451330427908994 -0.268121809049593
5234.83444972495 5513.07110862625 5603.4718860009 0.856328152286806 0.474611543571056 -0.203583084523172 0.337538455023573 -0.216013874347413 0.916190907393452 0.226337591665926 -0.340551757100581 0.100413447952974 -0.991084191173335 0.0754832906167669 -0.848130962063025
5235.05491370703 5512.62269713828 5603.86420408239 0.575310070642487 0.795651106297079 -0.18962527349334 0.515527199725904 -0.172737745335549 0.83928147220742 -0.347845768585356 0.188498004615379 0.114452995701583 -0.535331642687749 -0.302370689068159 0.69347444439574
5235.42594360966 5512.25805760968 5604.06372396447 -0.00860178804695724 0.996073203952551 0.088116318160559 0.646833698166066 -0.0616584631732567 0.760134561523124 -0.349066886499662 -0.0214426436043088 0.328581970059979 -0.2350484762886 -0.0292104741612308 -0.72179374886783
4220.65470740816 4078.45477195005 5779.19456437992 -0.375784388138101 -0.925815372205849 -0.0406467103020821 -0.402227734373431 0.202462892492944 -0.892872731660836 -0.136227339361375 -0.204629840085256 0.317069839890714 0.00713348815009289 0.0706638845301355 0.543467473098292
4220.76355795289 4078.58910177616 5778.63955774029 -0.651573158986303 -0.736342634111651 0.182351381144369 -0.41487641396201 0.144654248310152 -0.898305491735126 0.163467020889355 -0.146071179788087 0.230694632187686 -0.298349117779696 -0.178207726367159 0.423653984113093
4220.90455106203 4078.55931520009 5778.09049111564 -0.799171945929095 -0.420362905246232 0.429673427644883 -0.41120195763915 -0.139070685501937 -0.900873088222035 0.259271732999637 -0.0672778189320913 0.297127987645125 -0.151296414332832 -0.407021085856579 0.296920756925352
4221.09043073374 4078.31957437171 5777.64938596834 -0.952541889108554 -0.0377436091417326 0.302058758636261 -0.266246894271904 -0.377733987229735 -0.886808713829894 0.60522342730116 -0.123311918484326 0.222331491734938 -0.427373169840666 0.534290533512552 0.357036931809369
4221.0521699581 4077.86609543641 5777.29287970199 -0.717638679297234 0.685791819212482 0.121179122184421 -0.505144959312162 -0.392817250596413 -0.768455092499572 0.208029961735069 0.33505143239693 0.162733586091801 -0.274585728318163 0.125766551955571 0.185317840414239
4220.80492550985 4077.40967631308 5777.20720520176 -0.330827248814582 0.899185090349539 -0.286390673023116 -0.617344229589355 -0.435746892677854 -0.654989177454047 -0.0295845301414361 0.368688117034855 0.0387168244506573 0.364564305057532 -0.174667346634739 -0.609709630434726
4220.31542619995 4077.09233517724 5777.2073579356 0.168153989944518 0.799826102703237 -0.576196572260869 -0.678368093767793 -0.33020836522769 -0.656337722224914 0.0649502729863359 -0.318650664418924 -0.503026030617125 -0.202174669482564 0.260786880102979 0.0609640208283018
4219.70297585884 4077.0059987289 5777.25926170092 0.464136188570321 0.471028690234417 -0.750139797849897 -0.660349040818314 -0.38043525394221 -0.647462981113437 -0.254648702487851 -0.209994643478519 0.0187234597877813 -0.0516505516584008 -0.452977089129743 0.544068499393683
4219.1000292319 4077.04813625185 5777.21290905085 0.632928470615664 -0.0269552274859165 -0.773740977907956 -0.756040745720528 -0.236763560015812 -0.610201235550459 -0.0275357647733392 -0.198548489971115 1.01678038811171 0.736205639269916 -0.442235974807839 -0.38372459805054
4218.55324285267 4077.17389390603 5776.94176402849 0.75504702399373 -0.493730335658153 -0.431432969654554 -0.629440506249434 -0.36156481240841 -0.687804924962428 -0.303313941513524 -0.0440877989636704 -0.12759403133524 -0.187765219733664 0.118890447873851 0.349566745719036
