0 0 0 
0 1 0 
0 2 0 
0 3 0 
0 4 0 
0 5 0 
0 6 0 
0 7 0 
0 8 0 
0 9 0 
0 10 0 
0 11 0 
1 0 0 
1 1 250 
1 2 250 
1 3 250 
1 4 250 
1 5 250 
1 6 250 
1 7 250 
1 8 250 
1 9 250 
1 10 250 
1 11 250 
2 0 0 
2 1 50 
2 2 50 
2 3 50 
2 4 50 
2 5 50 
2 6 50 
2 7 50 
2 8 50 
2 9 50 
2 10 50 
2 11 50 
3 0 0 
3 1 5 
3 2 5 
3 3 5 
3 4 5 
3 5 5 
3 6 5 
3 7 5 
3 8 5 
3 9 5 
3 10 5 
3 11 5 
4 0 0 
4 1 1.0 
4 2 1.0 
4 3 1.0 
4 4 1.0 
4 5 1.0 
4 6 1.0 
4 7 1.0 
4 8 1.0 
4 9 1.0 
4 10 1.0 
4 11 1.0 
5 0 0 
5 1 3.6 
5 2 3.6 
5 3 3.6 
5 4 3.6 
5 5 3.6 
5 6 3.6 
5 7 3.6 
5 8 3.6 
5 9 3.6 
5 10 3.6 
5 11 3.6 
6 0 0 
6 1 20.2 
6 2 20.2 
6 3 20.2 
6 4 20.2 
6 5 20.2 
6 6 20.2 
6 7 20.2 
6 8 20.2 
6 9 20.2 
6 10 20.2 
6 11 20.2 
7 0 0 
7 1 106.2 
7 2 106.2 
7 3 106.2 
7 4 106.2 
7 5 106.2 
7 6 106.2 
7 7 106.2 
7 8 106.2 
7 9 106.2 
7 10 106.2 
7 11 106.2 
8 0 0 
8 1 168.3 
8 2 168.3 
8 3 168.3 
8 4 168.3 
8 5 168.3 
8 6 168.3 
8 7 168.3 
8 8 168.3 
8 9 168.3 
8 10 168.3 
8 11 168.3 
9 0 0 
9 1 137.8 
9 2 137.8 
9 3 137.8 
9 4 137.8 
9 5 137.8 
9 6 137.8 
9 7 137.8 
9 8 137.8 
9 9 137.8 
9 10 137.8 
9 11 137.8 
10 0 0 
10 1 191.1 
10 2 191.1 
10 3 191.1 
10 4 191.1 
10 5 191.1 
10 6 191.1 
10 7 191.1 
10 8 191.1 
10 9 191.1 
10 10 191.1 
10 11 191.1 
11 0 0 
11 1 248.1 
11 2 248.1 
11 3 248.1 
11 4 248.1 
11 5 248.1 
11 6 248.1 
11 7 248.1 
11 8 248.1 
11 9 248.1 
11 10 248.1 
11 11 248.1 
12 0 0 
12 1 166.4 
12 2 166.4 
12 3 166.4 
12 4 166.4 
12 5 166.4 
12 6 166.4 
12 7 166.4 
12 8 166.4 
12 9 166.4 
12 10 166.4 
12 11 166.4 
13 0 0 
13 1 68.5 
13 2 68.5 
13 3 68.5 
13 4 68.5 
13 5 68.5 
13 6 68.5 
13 7 68.5 
13 8 68.5 
13 9 68.5 
13 10 68.5 
13 11 68.5 
14 0 0 
14 1 26.4 
14 2 26.4 
14 3 26.4 
14 4 26.4 
14 5 26.4 
14 6 26.4 
14 7 26.4 
14 8 26.4 
14 9 26.4 
14 10 26.4 
14 11 26.4 
15 0 0 
15 1 9.5 
15 2 9.5 
15 3 9.5 
15 4 9.5 
15 5 9.5 
15 6 9.5 
15 7 9.5 
15 8 9.5 
15 9 9.5 
15 10 9.5 
15 11 9.5 
