t = 0
b = 9 9 9
E = 0 0 0
2.4588623046875 -0.02972412109375 -1.685943603515625 0.23842297767710663 0.9672724835169145 0.08682411155089516 0.892442334360795 -0.18296050965689797 -0.41239802587638963 0 0 0 0 0 0
2.179290771484375 0.1077880859375 -1.2440185546875 0.05294367083766772 0.8382493590263586 -0.5427107699411645 0.8595103476103982 -0.3149250854523508 -0.4025719226467268 0 0 0 0 0 0
1.97784423828125 0.39599609375 -1.0068359375 -0.262841236042766 0.4185622702265934 -0.8693216381629247 0.942570675065482 -0.08106569627965296 -0.32401986882488687 0 0 0 0 0 0
1.527923583984375 0.7198486328125 -0.89306640625 -0.1843293498590032 -0.06286729481946136 -0.9808518716007224 0.9814000295613121 0.04268520266259468 -0.18716825438815402 0 0 0 0 0 0
1.040771484375 0.85064697265625 -0.928131103515625 0.04501436142448434 -0.545055250875451 -0.8371908269675706 0.9534242142959719 0.27364329557248784 -0.12689213680262731 0 0 0 0 0 0
0.55902099609375 0.82867431640625 -1.079010009765625 0.18592548270809542 -0.8647022654959186 -0.46660658688662765 0.9297528329081525 0.30842171405839275 -0.20108633965674555 0 0 0 0 0 0
0.12640380859375 0.6658935546875 -1.20513916015625 0.4371779653849758 -0.8868685287321044 0.14946450858449695 0.8456167181138857 0.3487359158039921 -0.40412328202499304 0 0 0 0 0 0
-0.216888427734375 0.3673095703125 -1.174468994140625 0.5654355768871533 -0.5595607233693675 0.6059491771201959 0.8111998384865206 0.24445654653822502 -0.53122106405342 0 0 0 0 0 0
-0.5557861328125 -0.03277587890625 -1.033660888671875 0.5480513393518596 0.22492765535420883 0.8056347058633281 0.8019937361366821 0.1322709005769395 -0.5825036103391046 0 0 0 0 0 0
-0.794219970703125 -0.34381103515625 -0.76043701171875 0.3180094203252285 0.6865280144161243 0.6538725365132457 0.7137238208532181 0.28062227572094767 -0.6417549734251227 0 0 0 0 0 0
-0.890167236328125 -0.57574462890625 -0.24444580078125 -0.10939452378257361 0.9819569805643568 0.1542508557101561 0.6031815420506647 0.18892348449506746 -0.7749064100493843 0 0 0 0 0 0
-0.901397705078125 -0.52105712890625 0.25506591796875 -0.6286135034918018 0.7396260836083902 -0.24041281096039174 0.5647208625412241 0.22155252379087048 -0.7949873122337185 0 0 0 0 0 0
-1.037139892578125 -0.515869140625 0.738311767578125 -0.6666879044245144 0.5200440325655173 -0.5339301848435285 0.6883947530793426 0.15501142855133482 -0.7085789447558442 0 0 0 0 0 0
-1.348602294921875 -0.31201171875 1.19061279296875 -0.6410187954845491 0.16601486538614363 -0.7493557021244038 0.7629789761995328 0.03172329204111475 -0.6456444180968244 0 0 0 0 0 0
-1.7574462890625 -0.09283447265625 1.459503173828125 -0.5019711096752353 -0.4500956758486152 -0.73853834540516 0.7111600267475967 0.27117315977565476 -0.6486266520685414 0 0 0 0 0 0
0.755035400390625 1.0648193359375 2.012939453125 0.8499261566460059 -0.39246141380494204 0.35156730070240527 -0.269168564447294 0.24993140369382166 0.9300981546917608 0 0 0 0 0 0
1.250762939453125 0.998046875 1.654296875 0.5232179645697673 -0.7078965900579444 0.47447379204314805 -0.2358178238349629 0.41495977950849267 0.8787481637830064 0 0 0 0 0 0
1.702362060546875 0.6441650390625 1.4150390625 -0.09979772375625426 -0.8743745521763561 0.4748784653355707 -0.10419475501807056 0.4837384437209492 0.8689882456587997 0 0 0 0 0 0
1.889312744140625 0.133056640625 1.2113037109375 -0.5507867005043386 -0.6642400629714327 0.5053900961546944 0.059848142377877694 0.5724857797614844 0.8177274801697705 0 0 0 0 0 0
1.893280029296875 -0.37786865234375 0.5645751953125 -0.9126913207077595 -0.2861220910093712 -0.2917682336052895 -0.3641457117718118 0.2448206283512292 0.8985882040912343 0 0 0 0 0 0
1.7723388671875 -0.67730712890625 0.0936279296875 -0.9038474329830228 0.34301494544540145 -0.25573534188900926 -0.2765462171425885 -0.012501991311750588 0.9609192942164108 0 0 0 0 0 0
1.535888671875 -0.776611328125 -0.3865966796875 -0.5452350438109911 0.8040423861853099 -0.23713833139722368 -0.3680100069743184 0.024924217573600648 0.9294877181249389 0 0 0 0 0 0
1.483245849609375 -0.61639404296875 -0.8736572265625 -0.20874375308808196 0.9764263713528045 0.05493256660212684 -0.7006712371385316 -0.18840700546310477 0.6881588608302482 0 0 0 0 0 0
0.6505126953125 -0.47869873046875 -1.12744140625 -0.3492055822331827 0.9367590427483106 -0.02319390364843512 -0.5629808484185072 -0.1898457385360239 0.8043700391447268 0 0 0 0 0 0
0.70428466796875 -0.2174072265625 -1.617431640625 -0.07270063562282116 0.9200101422992898 0.38509213916474416 -0.7396192490897031 -0.3088304535794236 0.5979858838784669 0 0 0 0 0 0
0.90008544921875 0.19464111328125 -1.9609375 0.20616107286207863 0.6464088117274353 0.7346109583701307 -0.8268372551505105 -0.28643068589609205 0.48404298948777663 0 0 0 0 0 0
1.214935302734375 0.683349609375 -2.0687255859375 0.28471243181128303 0.11916420645477602 0.9511775455045758 -0.9114676834860017 -0.27371101666725345 0.3070976087755168 0 0 0 0 0 0
1.684600830078125 1.003662109375 -2.0374755859375 0.26744060694605615 -0.40806629556276985 0.8729017242404801 -0.9634872898286627 -0.11705625451982818 0.2408112863144247 0 0 0 0 0 0
2.193878173828125 1.160400390625 -1.84765625 0.115914508551214 -0.8474960710795146 0.5179905754085851 -0.9699788738239532 0.015608685752919887 0.24268776908670595 0 0 0 0 0 0
2.72308349609375 1.140625 -1.7220458984375 -0.19279639047213776 -0.9744343091057157 0.11535739706920155 -0.7111959387232265 0.21948053199157483 0.6678537510715081 0 0 0 0 0 0
-2.2012939453125 -0.68597412109375 0.511138916015625 0.23598352094199593 0.5948035982100873 0.7684532890164186 -0.5569123706270792 -0.5652594684634102 0.6085477341630562 0 0 0 0 0 0
-2.138641357421875 -0.2769775390625 0.291229248046875 0.6786220780856997 0.005340477286790217 0.7344682119989917 -0.6558758866040737 -0.44569685175196333 0.6092463686471252 0 0 0 0 0 0
-1.89154052734375 0.21435546875 0.26214599609375 0.7592174162347209 -0.6086862171360269 0.23041268184392094 -0.6114867297166269 -0.5458839233388152 0.5727955321235386 0 0 0 0 0 0
-1.541229248046875 0.44927978515625 -0.01910400390625 0.5644111202066303 -0.697312468057394 0.44180924535233795 -0.7481896645037461 -0.20598788673961735 0.6306989903641187 0 0 0 0 0 0
-0.986328125 0.63470458984375 -0.065704345703125 0.08704652506004894 -0.9833739772340322 -0.15936914184964263 -0.8828353756817828 -0.15026482165733174 0.444996834614692 0 0 0 0 0 0
-0.4630126953125 0.4976806640625 0.029144287109375 -0.23817652353971153 -0.6742485954657176 -0.6990427563082564 -0.9538311140745078 0.02679165636051851 0.29914613982607785 0 0 0 0 0 0
-0.0015869140625 0.19561767578125 -0.0484619140625 -0.44854373715731743 -0.05996859625882829 -0.8917467596350955 -0.8929380164397734 0.07287267166456866 0.4442423578645685 0 0 0 0 0 0
0.36767578125 0.020263671875 -0.290863037109375 -0.551124310882593 0.3791649813242645 -0.7433006867288349 -0.8272063871819181 -0.13136277349651035 0.5463272048367567 0 0 0 0 0 0
1.07086181640625 0.4228515625 0.465728759765625 0.8164570643055242 -0.3035105318949047 0.4912018110455999 0.5750815668806026 0.5036970426072213 -0.6446475631714513 0 0 0 0 0 0
1.54827880859375 0.048583984375 0.13043212890625 0.5980078421375191 -0.5590968955325006 0.5742797943058314 0.7680744247255472 0.6044966370020135 -0.21129480338090662 0 0 0 0 0 0
1.11981201171875 0.37542724609375 -0.736053466796875 0.88376247739368 -0.1026885613408057 -0.45652923555971864 0.34665208268158876 -0.5116651237494486 0.7861495625585364 0 0 0 0 0 0
