0 0 0 
0 1 0 
0 2 0 
0 3 0 
0 4 0 
0 5 0 
0 6 0 
0 7 0 
0 8 0 
0 9 0 
0 10 0 
0 11 0 
1 0 0 
1 1 250 
1 2 250 
1 3 250 
1 4 250 
1 5 250 
1 6 250 
1 7 250 
1 8 250 
1 9 250 
1 10 250 
1 11 250 
2 0 0 
2 1 50 
2 2 50 
2 3 50 
2 4 50 
2 5 50 
2 6 50 
2 7 50 
2 8 50 
2 9 50 
2 10 50 
2 11 50 
3 0 0 
3 1 5 
3 2 5 
3 3 5 
3 4 5 
3 5 5 
3 6 5 
3 7 5 
3 8 5 
3 9 5 
3 10 5 
3 11 5 
4 0 0 
4 1 1.0 
4 2 1.0 
4 3 1.0 
4 4 1.0 
4 5 1.0 
4 6 1.0 
4 7 1.0 
4 8 1.0 
4 9 1.0 
4 10 1.0 
4 11 1.0 
5 0 0 
5 1 1.2 
5 2 1.2 
5 3 1.2 
5 4 1.2 
5 5 1.2 
5 6 1.2 
5 7 1.2 
5 8 1.2 
5 9 1.2 
5 10 1.2 
5 11 1.2 
6 0 0 
6 1 2.1 
6 2 2.1 
6 3 2.1 
6 4 2.1 
6 5 2.1 
6 6 2.1 
6 7 2.1 
6 8 2.1 
6 9 2.1 
6 10 2.1 
6 11 2.1 
7 0 0 
7 1 2.0 
7 2 2.0 
7 3 2.0 
7 4 2.0 
7 5 2.0 
7 6 2.0 
7 7 2.0 
7 8 2.0 
7 9 2.0 
7 10 2.0 
7 11 2.0 
8 0 0 
8 1 3.1 
8 2 3.1 
8 3 3.1 
8 4 3.1 
8 5 3.1 
8 6 3.1 
8 7 3.1 
8 8 3.1 
8 9 3.1 
8 10 3.1 
8 11 3.1 
9 0 0 
9 1 14.3 
9 2 14.3 
9 3 14.3 
9 4 14.3 
9 5 14.3 
9 6 14.3 
9 7 14.3 
9 8 14.3 
9 9 14.3 
9 10 14.3 
9 11 14.3 
10 0 0 
10 1 61.6 
10 2 61.6 
10 3 61.6 
10 4 61.6 
10 5 61.6 
10 6 61.6 
10 7 61.6 
10 8 61.6 
10 9 61.6 
10 10 61.6 
10 11 61.6 
11 0 0 
11 1 248.1 
11 2 248.1 
11 3 248.1 
11 4 248.1 
11 5 248.1 
11 6 248.1 
11 7 248.1 
11 8 248.1 
11 9 248.1 
11 10 248.1 
11 11 248.1 
12 0 0 
12 1 109.1 
12 2 109.1 
12 3 109.1 
12 4 109.1 
12 5 109.1 
12 6 109.1 
12 7 109.1 
12 8 109.1 
12 9 109.1 
12 10 109.1 
12 11 109.1 
13 0 0 
13 1 44.9 
13 2 44.9 
13 3 44.9 
13 4 44.9 
13 5 44.9 
13 6 44.9 
13 7 44.9 
13 8 44.9 
13 9 44.9 
13 10 44.9 
13 11 44.9 
14 0 0 
14 1 17.3 
14 2 17.3 
14 3 17.3 
14 4 17.3 
14 5 17.3 
14 6 17.3 
14 7 17.3 
14 8 17.3 
14 9 17.3 
14 10 17.3 
14 11 17.3 
15 0 0 
15 1 9.5 
15 2 9.5 
15 3 9.5 
15 4 9.5 
15 5 9.5 
15 6 9.5 
15 7 9.5 
15 8 9.5 
15 9 9.5 
15 10 9.5 
15 11 9.5 
