t = 0
b = 16 16 16
E = 0 0 0
-0.24224853515625 0.1866455078125 3.757354736328125 0.926118862754615 0.0025941704839064846 -0.37722290801275465 -0.3402408043450537 -0.4261050552254209 -0.838254541872558 0 0 0 0 0 0
-0.98193359375 -0.086669921875 3.42230224609375 -0.8228428324149073 -0.4145876635459069 0.3886473239055668 0.4291491010043277 -0.005037233820283378 0.9032196163628297 0 0 0 0 0 0
-1.18048095703125 -0.36962890625 3.0228271484375 -0.7737640231142486 0.4386849864826395 0.4569953163532192 0.5590251782276286 0.13354081186236924 0.8183261584934869 0 0 0 0 0 0
-1.66729736328125 -0.593017578125 2.743927001953125 -0.24518634880791598 0.9291753977848216 0.27661658393824 0.5998770185154734 -0.07873945541942372 0.7962083024041128 0 0 0 0 0 0
-2.11590576171875 -0.44244384765625 2.551544189453125 0.3902528231968638 0.9059358793039218 -0.16426477582460366 0.5215685463516923 -0.07050239845584914 0.8502915166391792 0 0 0 0 0 0
-2.532806396484375 -0.242919921875 2.420166015625 0.8635599347692362 0.21377285424714199 -0.45668961653225976 0.44671830887615466 0.09576966860759305 0.8895341045118059 0 0 0 0 0 0
-3.667022705078125 -0.24810791015625 1.700347900390625 0.2153176261466445 -0.6345079302039318 -0.7423193425870674 -0.781351748375416 -0.5679071942211118 0.2587872950177142 0 0 0 0 0 0
-3.15185546875 -0.3131103515625 1.751556396484375 -0.09941299031065323 0.11474837868551224 -0.988407743265167 -0.8985134115363271 -0.4371542853839265 0.039620450020409786 0 0 0 0 0 0
-2.612945556640625 -0.3551025390625 1.490814208984375 -0.35774654286450774 0.5419986010896701 -0.7604307512754422 -0.9296920828057357 -0.2831937944989242 0.23552899168814456 0 0 0 0 0 0
-2.226409912109375 -0.341552734375 1.093597412109375 -0.40214596022113724 0.9077466580745761 -0.11947648903553423 -0.8826008370013806 -0.349642017458578 0.31427093749177293 0 0 0 0 0 0
-1.958709716796875 -0.118408203125 0.664520263671875 -0.14899619773940548 0.859493683426596 0.4889486079425754 -0.7924152929484648 -0.3995635167567104 0.46089803598888235 0 0 0 0 0 0
-1.714874267578125 0.202880859375 0.319122314453125 -0.06645315776011457 0.5569552831789166 0.8278796955855375 -0.870606504817173 -0.437723003766959 0.2245949370383415 0 0 0 0 0 0
-1.42205810546875 0.60809326171875 0.175872802734375 0.13932203313231697 -0.03982809490420014 0.9894458519495545 -0.9276296179794088 -0.3549230399895403 0.11633111162522058 0 0 0 0 0 0
-1.066375732421875 0.9842529296875 0.2889404296875 0.23553039762966432 -0.5095147377294779 0.8275990356621215 -0.9612882671722283 -0.24743746872808628 0.12124176865442136 0 0 0 0 0 0
-0.607147216796875 1.24334716796875 0.35791015625 0.014726372787239057 -0.8635911254195422 0.5039776801021449 -0.9992844752884187 0.004850053688013026 0.03751019097223259 0 0 0 0 0 0
2.036224365234375 -0.926513671875 -1.5537109375 -0.048905860368167194 0.27848110818067123 0.9591957512458626 -0.2172376265642395 -0.940374906835976 0.261730487712008 0 0 0 0 0 0
1.9864501953125 -0.293701171875 -1.50244140625 0.5421548989006617 0.06927619591919516 0.8374179806267468 -0.5297464444369574 -0.7457691951542305 0.40397649952121367 0 0 0 0 0 0
2.3931884765625 0.1375732421875 -1.4302978515625 0.5679046795835391 -0.26942099775541434 0.7777509889904317 -0.8120566208718343 -0.33794415665376476 0.4757707341585791 0 0 0 0 0 0
2.91864013671875 0.2662353515625 -1.361328125 0.454332997460121 -0.8120773173745639 0.36621299543385066 -0.7838508912934282 -0.16933085584070964 0.5974151332856834 0 0 0 0 0 0
3.498016357421875 0.10498046875 -1.334716796875 -0.06584366450133687 -0.8998379827679803 -0.43122640992069056 -0.8697243970280434 -0.1598535720103949 0.46693287390129656 0 0 0 0 0 0
3.993499755859375 -0.31451416015625 -1.454833984375 -0.3236992691170333 -0.4456872802690805 -0.834614660414882 -0.9033756600216799 -0.11694901223710542 0.4125958620940832 0 0 0 0 0 0
4.368072509765625 -0.558837890625 -1.7711181640625 -0.33561405196553074 0.37963526314627893 -0.8621138411481013 -0.9404184569403429 -0.1891741398019585 0.2825354326029453 0 0 0 0 0 0
4.681610107421875 -0.47515869140625 -2.20556640625 -0.5038963420380337 0.7825842053938153 -0.36558232718338496 -0.8628875874142318 -0.4377476870588655 0.25259052626941486 0 0 0 0 0 0
4.116119384765625 -1.09014892578125 -2.5152587890625 -0.2710113389508623 0.938010529578238 0.2160766080824443 0.38950613376409693 -0.09816184729719953 0.9157779335053595 0 0 0 0 0 0
3.638153076171875 -0.90228271484375 -2.9158935546875 0.030668840369093144 0.9870483997396196 0.15746389682041853 -0.021812730421773004 -0.1570464551941518 0.9873503004012802 0 0 0 0 0 0
3.524261474609375 -0.6339111328125 -3.3131103515625 0.7126685520158109 0.671312411202902 0.2035759846657584 -0.24471963781899353 -0.033740736316991586 0.969006636498702 0 0 0 0 0 0
3.70050048828125 -0.41180419921875 -3.69482421875 0.9211131516250074 -0.16846002143527014 0.3509583779901461 -0.30584820679149727 0.2449634470304136 0.9200270561355266 0 0 0 0 0 0
4.11395263671875 -0.48211669921875 -4.0328369140625 0.5653875598085636 -0.5836209462333709 0.5828580430356802 -0.40229701501400916 0.42152752614769384 0.8126940730746246 0 0 0 0 0 0
4.3197021484375 0.12249755859375 -4.8001708984375 -0.5851791314003458 -0.3050255759241959 -0.7513486422464936 -0.7424262673704463 -0.17122083144283726 0.6476779017369747 0 0 0 0 0 0
4.4991455078125 -0.00848388671875 -5.284912109375 -0.5139167153711891 0.6918344380917373 -0.5072028390421117 -0.8255550726067719 -0.23836033321193645 0.5115106779377361 0 0 0 0 0 0
-0.5853271484375 0.1751708984375 0.943634033203125 -0.02288907358977631 0.916783694182507 -0.3987276619339033 0.9159189370690526 -0.1406279362835632 -0.3759205823773462 0 0 0 0 0 0
-0.903045654296875 0.29345703125 1.235076904296875 -0.09651583157632637 0.5174469326092059 -0.8502548830723962 0.9841214650771101 -0.07823552000953109 -0.1593240263843489 0 0 0 0 0 0
-1.31048583984375 0.59710693359375 1.398406982421875 -0.05760184067138607 -0.09506211056496297 -0.9938034126959933 0.9956753524374167 0.06720698921505348 -0.06413901425243407 0 0 0 0 0 0
-1.792999267578125 0.82928466796875 1.308746337890625 0.08278180806394397 -0.6765982248028158 -0.7316843680490532 0.9642569800711701 0.2398204703707345 -0.11267039706678353 0 0 0 0 0 0
-2.31610107421875 0.8824462890625 1.1549072265625 0.3619679071959167 -0.8441848493287568 -0.3953873724893002 0.9127652657530683 0.4071018224467776 -0.03358088437255718 0 0 0 0 0 0
-2.79833984375 0.69561767578125 0.90350341796875 0.5859749303384926 -0.805763209768931 0.08590128519218106 0.8058588898238548 0.5905783707635202 0.04252808105441452 0 0 0 0 0 0
-3.11126708984375 0.35040283203125 0.706451416015625 0.4957300026538171 -0.63945966177967 0.5876590043770935 0.8099217385506811 0.5846486539435264 -0.04703965205084873 0 0 0 0 0 0
-3.356353759765625 -0.101318359375 0.56903076171875 0.1729620476915594 -0.1150537132416725 0.9781854492516466 0.8697225526519426 0.4839424678890847 -0.09686263047228877 0 0 0 0 0 0
-3.542327880859375 -0.62738037109375 0.629913330078125 -0.1760076376281314 0.38482120684711524 0.9060540548208447 0.8433679373342061 0.5336513610166564 -0.06282314192809044 0 0 0 0 0 0
-3.5595703125 -1.50408935546875 -0.44830322265625 -0.6511547348458656 -0.3413317262683542 -0.6778570379736985 -0.7446352541486415 0.4599541430877354 0.4836946604371555 0 0 0 0 0 0
-3.1697998046875 -1.3095703125 -0.611175537109375 -0.46609394172412866 0.8746604923760699 -0.1331369992320518 -0.4970612455030164 -0.13439064336790846 0.8572451651623063 0 0 0 0 0 0
