t = 0
b = 22 22 22
E = 0 0 0
0 0 0 0 1 0 0 0 -1 0 0 0 0 0 0
0.3518234193325043 0.11397501826286316 0.38976284861564636 -0.5863723615214341 0.8100416369815668 0 0 0 -1 0 0 0 0 0 0
0.5699832439422607 0.4125990569591522 0.7795256972312927 -0.9499720396841224 0.3123349545254076 0 0 0 -1 0 0 0 0 0 0
0.5715968608856201 0.7824198603630066 1.1692885160446167 -0.9526614459080566 -0.3040331716776493 0 0 0 -1 0 0 0 0 0 0
0.35605132579803467 1.0829362869262695 1.5590513944625854 -0.593418864403872 -0.8048938137230396 0 0 0 -1 0 0 0 0 0 0
0.005235921125859022 1.199977159500122 1.9488142728805542 -0.008726534846748492 -0.9999619230698579 0 0 0 -1 0 0 0 0 0 0
-0.34756869077682495 1.0890766382217407 2.3385770320892334 0.5792812190603315 -0.8151277625280448 0 0 0 -1 0 0 0 0 0 0
-0.5683261752128601 0.7923678159713745 2.728339910507202 0.9472102514457935 -0.3206130682863637 0 0 0 -1 0 0 0 0 0 0
-0.5731670260429382 0.4225751757621765 3.118102788925171 0.9552783700177725 0.2957080245380364 0 0 0 -1 0 0 0 0 0 0
-0.36025214195251465 0.12018920481204987 3.5078656673431396 0.6004202431831912 0.7996846450794448 0 0 0 -1 0 0 0 0 0 0
-0.010471443645656109 0.00009138290624832734 3.8976285457611084 0.017452405752884734 0.9998476951683375 0 0 0 -1 0 0 0 0 0 0
0.34328752756118774 0.10790887475013733 4.287391185760498 -0.5721458822385872 0.8201518697396407 0 0 0 -1 0 0 0 0 0 0
0.5666258335113525 0.40268000960350037 4.677154064178467 -0.9443763832100995 0.32886660948629454 0 0 0 -1 0 0 0 0 0 0
0.574693500995636 0.7724162936210632 5.0669169425964355 -0.957822528406073 -0.2873604079858566 0 0 0 -1 0 0 0 0 0 0
0.36442551016807556 1.0766488313674927 5.456679821014404 -0.607375798026885 -0.7944146524147225 0 0 0 -1 0 0 0 0 0 0
0.015706168487668037 1.1997944116592407 5.846442699432373 -0.026176945717284624 -0.9996573250433943 0 0 0 -1 0 0 0 0 0 0
-0.33898019790649414 1.095068097114563 6.236205577850342 0.5649669870719515 -0.8251135094754184 0 0 0 -1 0 0 0 0 0 0
-0.5648823380470276 0.8022571802139282 6.6259684562683105 0.9414705462283162 -0.33709525446757055 0 0 0 -1 0 0 0 0 0 0
-0.5761762261390686 0.4326053261756897 7.015731334686279 0.9602936723873989 0.2789911517821357 0 0 0 -1 0 0 0 0 0 0
0.5761762261390686 0.7673946619033813 7.015731334686279 -0.9602936723873989 -0.2789911517821357 0 0 0 1 0 0 0 0 0 0
0.5648823380470276 0.3977428376674652 6.6259684562683105 -0.9414705225827609 0.33709532050703894 0 0 0 1 0 0 0 0 0 0
0.33898019790649414 0.10493189841508865 6.236205577850342 -0.5649669957548934 0.8251135035300841 0 0 0 1 0 0 0 0 0 0
-0.015706168487668037 0.000205605014343746 5.846442699432373 0.026176947587936004 0.9996573249944095 0 0 0 1 0 0 0 0 0 0
-0.36442551016807556 0.12335123121738434 5.456679821014404 0.6073758519513806 0.7944146111863344 0 0 0 1 0 0 0 0 0 0
-0.574693500995636 0.4275836944580078 5.0669169425964355 0.9578224873920669 0.28736054469268 0 0 0 1 0 0 0 0 0 0
-0.5666258335113525 0.7973200082778931 4.677154064178467 0.9443763600705426 -0.32886667593405194 0 0 0 1 0 0 0 0 0 0
-0.34328752756118774 1.0920910835266113 4.287391185760498 0.5721459521617737 -0.8201518209605448 0 0 0 1 0 0 0 0 0 0
0.010471443645656109 1.1999086141586304 3.8976285457611084 -0.017452406660992095 -0.9998476951524863 0 0 0 1 0 0 0 0 0 0
0.36025214195251465 1.0798107385635376 3.5078656673431396 -0.6004202968437872 -0.799684604789925 0 0 0 1 0 0 0 0 0 0
0.5731670260429382 0.7774248123168945 3.118102788925171 -0.9552783700177725 -0.2957080245380364 0 0 0 1 0 0 0 0 0 0
0.5683261752128601 0.4076322019100189 2.728339910507202 -0.9472102740723086 0.320613001439215 0 0 0 1 0 0 0 0 0 0
0.34756869077682495 0.11092332005500793 2.3385770320892334 -0.5792811486988019 0.8151278125313823 0 0 0 1 0 0 0 0 0 0
-0.005235921125859022 0.000022846161300549284 1.9488142728805542 0.008726535230316405 0.9999619230665105 0 0 0 1 0 0 0 0 0 0
-0.35605132579803467 0.1170637235045433 1.5590513944625854 0.5934188910940413 0.8048937940453501 0 0 0 1 0 0 0 0 0 0
-2.9321718215942383 -2.291996955871582 2.9293110370635986 0.6073761665405478 0.7944143706646478 0 0 0 1 0 0 0 0 0 0
-3.142439365386963 -1.987764596939087 2.53954815864563 0.9578223643438536 0.28736095483337737 0 0 0 1 0 0 0 0 0 0
-3.134371519088745 -1.6180284023284912 2.1497857570648193 0.9443761686366856 -0.3288672256566385 0 0 0 1 0 0 0 0 0 0
-2.911033868789673 -1.323257327079773 1.760022521018982 0.5721460827035872 -0.8201517298932802 0 0 0 1 0 0 0 0 0 0
-2.55727481842041 -1.2154399156570435 1.3702597618103027 -0.017452240819678784 -0.9998476980472435 0 0 0 1 0 0 0 0 0 0
-2.207493543624878 -1.3355377912521362 0.980496883392334 -0.6004212022759815 -0.7996839249712757 0 0 0 1 0 0 0 0 0 0
-1.9945785999298096 -1.6379235982894897 0.5907341241836548 -0.9552785065787686 -0.29570758338033487 0 0 0 1 0 0 0 0 0 0
-1.9994194507598877 -2.007716178894043 0.20097115635871887 -0.9472103624961276 0.3206127402021863 0 0 0 1 0 0 0 0 0 0
-2.220176935195923 -2.304425001144409 -0.18879173696041107 -0.5792821511563973 0.815127100120967 0 0 0 1 0 0 0 0 0 0
-2.5729820728302 -2.415325403213501 -0.5785543918609619 0.008726719759783551 0.9999619214561295 0 0 0 1 0 0 0 0 0 0
-2.923797607421875 -2.2982845306396484 -0.9683170318603516 0.5934190683170764 0.804893663385228 0 0 0 1 0 0 0 0 0 0
-3.1393425464630127 -1.9977681636810303 -1.3580797910690308 0.9526612461835244 0.3040337974963544 0 0 0 1 0 0 0 0 0 0
-3.1377289295196533 -1.627947449684143 -1.7478430271148682 0.9499718473760375 -0.3123355394330884 0 0 0 1 0 0 0 0 0 0
-2.919569730758667 -1.3293235301971436 -2.137605667114258 0.5863726265759851 -0.8100414451140018 0 0 0 1 0 0 0 0 0 0
-2.567746162414551 -1.215348482131958 -2.5273685455322266 0 -1 0 0 0 1 0 0 0 0 0 0
